# Instancia generada (N=120, M=40, restrictiva=True)
N 120
M 40
BETA 2.84

# Recursos disponibles (b_i)
B 1 30
B 2 61
B 3 61
B 4 59
B 5 56
B 6 55
B 7 33
B 8 66
B 9 45
B 10 66
B 11 66
B 12 31
B 13 66
B 14 37
B 15 34
B 16 41
B 17 61
B 18 28
B 19 69
B 20 74
B 21 41
B 22 50
B 23 75
B 24 39
B 25 65
B 26 50
B 27 29
B 28 42
B 29 26
B 30 37
B 31 66
B 32 57
B 33 38
B 34 36
B 35 68
B 36 46
B 37 35
B 38 30
B 39 60
B 40 63

# Datos por diseño (Beneficio c_j, Potencia w_j, Cota u_j)
DISENO 1 69 3 24
DISENO 2 16 5 44
DISENO 3 67 3 31
DISENO 4 84 5 25
DISENO 5 38 3 32
DISENO 6 66 2 22
DISENO 7 75 5 39
DISENO 8 62 3 35
DISENO 9 75 1 48
DISENO 10 22 4 50
DISENO 11 82 3 32
DISENO 12 33 4 26
DISENO 13 47 4 23
DISENO 14 45 5 38
DISENO 15 39 1 20
DISENO 16 59 2 27
DISENO 17 52 4 30
DISENO 18 50 1 23
DISENO 19 36 1 39
DISENO 20 52 4 50
DISENO 21 77 2 20
DISENO 22 38 5 24
DISENO 23 88 2 34
DISENO 24 11 5 20
DISENO 25 53 1 29
DISENO 26 100 1 40
DISENO 27 15 1 34
DISENO 28 57 3 24
DISENO 29 42 4 46
DISENO 30 79 2 31
DISENO 31 98 4 38
DISENO 32 29 1 26
DISENO 33 69 3 20
DISENO 34 98 2 25
DISENO 35 70 3 49
DISENO 36 73 3 33
DISENO 37 55 1 40
DISENO 38 42 5 36
DISENO 39 37 2 40
DISENO 40 12 2 20
DISENO 41 39 3 48
DISENO 42 38 1 38
DISENO 43 65 5 38
DISENO 44 34 5 31
DISENO 45 93 5 47
DISENO 46 78 1 33
DISENO 47 98 5 44
DISENO 48 97 3 40
DISENO 49 67 1 24
DISENO 50 78 4 23
DISENO 51 66 1 21
DISENO 52 83 4 48
DISENO 53 95 4 32
DISENO 54 73 2 23
DISENO 55 48 1 34
DISENO 56 22 3 30
DISENO 57 81 3 20
DISENO 58 99 3 47
DISENO 59 80 5 43
DISENO 60 22 2 33
DISENO 61 51 5 26
DISENO 62 87 2 32
DISENO 63 56 4 31
DISENO 64 54 2 29
DISENO 65 37 2 44
DISENO 66 70 1 36
DISENO 67 96 5 32
DISENO 68 67 2 34
DISENO 69 85 1 39
DISENO 70 30 2 35
DISENO 71 85 5 45
DISENO 72 27 3 21
DISENO 73 39 1 40
DISENO 74 85 5 27
DISENO 75 92 2 39
DISENO 76 24 5 23
DISENO 77 40 5 33
DISENO 78 99 5 32
DISENO 79 61 4 33
DISENO 80 34 5 40
DISENO 81 54 1 22
DISENO 82 18 4 25
DISENO 83 59 3 27
DISENO 84 44 1 24
DISENO 85 62 4 37
DISENO 86 21 5 22
DISENO 87 30 1 35
DISENO 88 52 2 35
DISENO 89 17 3 39
DISENO 90 99 5 47
DISENO 91 47 5 31
DISENO 92 62 2 46
DISENO 93 73 3 34
DISENO 94 68 4 21
DISENO 95 32 5 43
DISENO 96 71 5 32
DISENO 97 67 1 28
DISENO 98 40 1 35
DISENO 99 55 4 25
DISENO 100 80 4 38
DISENO 101 47 1 31
DISENO 102 56 5 46
DISENO 103 82 5 34
DISENO 104 96 5 39
DISENO 105 50 5 26
DISENO 106 95 4 25
DISENO 107 43 5 42
DISENO 108 13 1 32
DISENO 109 68 3 48
DISENO 110 23 4 40
DISENO 111 19 4 45
DISENO 112 80 1 45
DISENO 113 14 3 30
DISENO 114 21 3 21
DISENO 115 57 5 41
DISENO 116 89 1 46
DISENO 117 39 4 49
DISENO 118 96 4 42
DISENO 119 81 1 26
DISENO 120 34 1 47

# Requerimiento de recursos (a_ij por recurso i y diseño j)
A 1 1 29
A 1 2 27
A 1 3 13
A 1 4 19
A 1 5 30
A 1 6 22
A 1 7 5
A 1 8 0
A 1 9 9
A 1 10 -2
A 1 11 29
A 1 12 7
A 1 13 16
A 1 14 5
A 1 15 12
A 1 16 6
A 1 17 10
A 1 18 16
A 1 19 4
A 1 20 2
A 1 21 17
A 1 22 15
A 1 23 15
A 1 24 2
A 1 25 22
A 1 26 21
A 1 27 10
A 1 28 8
A 1 29 25
A 1 30 11
A 1 31 10
A 1 32 17
A 1 33 9
A 1 34 7
A 1 35 18
A 1 36 28
A 1 37 7
A 1 38 21
A 1 39 14
A 1 40 1
A 1 41 1
A 1 42 7
A 1 43 6
A 1 44 16
A 1 45 6
A 1 46 20
A 1 47 29
A 1 48 -2
A 1 49 10
A 1 50 -1
A 1 51 4
A 1 52 19
A 1 53 25
A 1 54 13
A 1 55 19
A 1 56 9
A 1 57 -1
A 1 58 -2
A 1 59 17
A 1 60 14
A 1 61 21
A 1 62 10
A 1 63 11
A 1 64 8
A 1 65 16
A 1 66 9
A 1 67 25
A 1 68 15
A 1 69 12
A 1 70 16
A 1 71 20
A 1 72 19
A 1 73 2
A 1 74 17
A 1 75 11
A 1 76 23
A 1 77 27
A 1 78 19
A 1 79 11
A 1 80 7
A 1 81 11
A 1 82 24
A 1 83 9
A 1 84 29
A 1 85 28
A 1 86 25
A 1 87 10
A 1 88 28
A 1 89 7
A 1 90 2
A 1 91 15
A 1 92 0
A 1 93 10
A 1 94 13
A 1 95 30
A 1 96 19
A 1 97 28
A 1 98 15
A 1 99 18
A 1 100 20
A 1 101 21
A 1 102 26
A 1 103 14
A 1 104 29
A 1 105 8
A 1 106 22
A 1 107 1
A 1 108 8
A 1 109 12
A 1 110 -1
A 1 111 4
A 1 112 26
A 1 113 1
A 1 114 22
A 1 115 3
A 1 116 16
A 1 117 24
A 1 118 9
A 1 119 16
A 1 120 29
A 2 1 27
A 2 2 0
A 2 3 -2
A 2 4 14
A 2 5 16
A 2 6 13
A 2 7 17
A 2 8 9
A 2 9 18
A 2 10 29
A 2 11 3
A 2 12 1
A 2 13 25
A 2 14 17
A 2 15 17
A 2 16 16
A 2 17 22
A 2 18 21
A 2 19 30
A 2 20 10
A 2 21 18
A 2 22 23
A 2 23 30
A 2 24 23
A 2 25 1
A 2 26 24
A 2 27 22
A 2 28 12
A 2 29 -2
A 2 30 26
A 2 31 14
A 2 32 26
A 2 33 1
A 2 34 5
A 2 35 19
A 2 36 -1
A 2 37 5
A 2 38 28
A 2 39 12
A 2 40 19
A 2 41 14
A 2 42 -2
A 2 43 20
A 2 44 4
A 2 45 15
A 2 46 15
A 2 47 0
A 2 48 12
A 2 49 23
A 2 50 24
A 2 51 19
A 2 52 1
A 2 53 13
A 2 54 -1
A 2 55 30
A 2 56 16
A 2 57 -2
A 2 58 21
A 2 59 29
A 2 60 -2
A 2 61 26
A 2 62 29
A 2 63 11
A 2 64 2
A 2 65 0
A 2 66 26
A 2 67 3
A 2 68 19
A 2 69 10
A 2 70 28
A 2 71 13
A 2 72 0
A 2 73 4
A 2 74 9
A 2 75 9
A 2 76 6
A 2 77 24
A 2 78 -2
A 2 79 16
A 2 80 5
A 2 81 19
A 2 82 -1
A 2 83 19
A 2 84 22
A 2 85 25
A 2 86 0
A 2 87 8
A 2 88 15
A 2 89 18
A 2 90 11
A 2 91 5
A 2 92 28
A 2 93 -2
A 2 94 26
A 2 95 17
A 2 96 3
A 2 97 28
A 2 98 24
A 2 99 13
A 2 100 23
A 2 101 12
A 2 102 15
A 2 103 -2
A 2 104 29
A 2 105 8
A 2 106 10
A 2 107 24
A 2 108 27
A 2 109 15
A 2 110 26
A 2 111 29
A 2 112 -1
A 2 113 18
A 2 114 24
A 2 115 19
A 2 116 2
A 2 117 28
A 2 118 15
A 2 119 0
A 2 120 23
A 3 1 -2
A 3 2 1
A 3 3 20
A 3 4 23
A 3 5 27
A 3 6 3
A 3 7 29
A 3 8 9
A 3 9 -2
A 3 10 11
A 3 11 23
A 3 12 11
A 3 13 11
A 3 14 4
A 3 15 28
A 3 16 17
A 3 17 7
A 3 18 21
A 3 19 9
A 3 20 1
A 3 21 24
A 3 22 29
A 3 23 16
A 3 24 -1
A 3 25 1
A 3 26 10
A 3 27 22
A 3 28 11
A 3 29 2
A 3 30 29
A 3 31 16
A 3 32 28
A 3 33 4
A 3 34 19
A 3 35 5
A 3 36 28
A 3 37 22
A 3 38 8
A 3 39 11
A 3 40 -2
A 3 41 6
A 3 42 25
A 3 43 19
A 3 44 15
A 3 45 4
A 3 46 9
A 3 47 -2
A 3 48 -1
A 3 49 9
A 3 50 24
A 3 51 7
A 3 52 20
A 3 53 3
A 3 54 -1
A 3 55 7
A 3 56 18
A 3 57 13
A 3 58 9
A 3 59 25
A 3 60 -1
A 3 61 20
A 3 62 16
A 3 63 13
A 3 64 29
A 3 65 17
A 3 66 -1
A 3 67 0
A 3 68 14
A 3 69 11
A 3 70 30
A 3 71 12
A 3 72 15
A 3 73 25
A 3 74 7
A 3 75 4
A 3 76 29
A 3 77 15
A 3 78 30
A 3 79 5
A 3 80 21
A 3 81 25
A 3 82 17
A 3 83 26
A 3 84 30
A 3 85 1
A 3 86 29
A 3 87 9
A 3 88 27
A 3 89 -2
A 3 90 1
A 3 91 12
A 3 92 27
A 3 93 19
A 3 94 15
A 3 95 30
A 3 96 14
A 3 97 2
A 3 98 0
A 3 99 11
A 3 100 -2
A 3 101 17
A 3 102 18
A 3 103 3
A 3 104 20
A 3 105 4
A 3 106 3
A 3 107 -1
A 3 108 17
A 3 109 25
A 3 110 10
A 3 111 3
A 3 112 19
A 3 113 23
A 3 114 1
A 3 115 15
A 3 116 17
A 3 117 13
A 3 118 0
A 3 119 22
A 3 120 8
A 4 1 1
A 4 2 27
A 4 3 29
A 4 4 6
A 4 5 28
A 4 6 1
A 4 7 28
A 4 8 28
A 4 9 8
A 4 10 5
A 4 11 28
A 4 12 29
A 4 13 19
A 4 14 0
A 4 15 8
A 4 16 20
A 4 17 6
A 4 18 16
A 4 19 21
A 4 20 23
A 4 21 9
A 4 22 10
A 4 23 29
A 4 24 -1
A 4 25 19
A 4 26 4
A 4 27 0
A 4 28 30
A 4 29 3
A 4 30 19
A 4 31 5
A 4 32 11
A 4 33 22
A 4 34 11
A 4 35 5
A 4 36 12
A 4 37 2
A 4 38 11
A 4 39 22
A 4 40 14
A 4 41 17
A 4 42 13
A 4 43 1
A 4 44 18
A 4 45 26
A 4 46 19
A 4 47 14
A 4 48 19
A 4 49 18
A 4 50 5
A 4 51 10
A 4 52 21
A 4 53 -1
A 4 54 12
A 4 55 27
A 4 56 30
A 4 57 27
A 4 58 20
A 4 59 -1
A 4 60 17
A 4 61 13
A 4 62 19
A 4 63 23
A 4 64 2
A 4 65 0
A 4 66 10
A 4 67 4
A 4 68 11
A 4 69 4
A 4 70 22
A 4 71 8
A 4 72 18
A 4 73 7
A 4 74 10
A 4 75 11
A 4 76 12
A 4 77 27
A 4 78 30
A 4 79 6
A 4 80 4
A 4 81 29
A 4 82 5
A 4 83 12
A 4 84 13
A 4 85 17
A 4 86 9
A 4 87 23
A 4 88 30
A 4 89 16
A 4 90 21
A 4 91 0
A 4 92 11
A 4 93 28
A 4 94 15
A 4 95 1
A 4 96 9
A 4 97 16
A 4 98 14
A 4 99 27
A 4 100 11
A 4 101 11
A 4 102 24
A 4 103 4
A 4 104 5
A 4 105 -1
A 4 106 20
A 4 107 8
A 4 108 16
A 4 109 15
A 4 110 14
A 4 111 29
A 4 112 -1
A 4 113 12
A 4 114 5
A 4 115 15
A 4 116 26
A 4 117 22
A 4 118 1
A 4 119 12
A 4 120 17
A 5 1 13
A 5 2 4
A 5 3 0
A 5 4 1
A 5 5 6
A 5 6 13
A 5 7 10
A 5 8 27
A 5 9 28
A 5 10 5
A 5 11 -2
A 5 12 0
A 5 13 3
A 5 14 14
A 5 15 3
A 5 16 24
A 5 17 30
A 5 18 4
A 5 19 -2
A 5 20 6
A 5 21 14
A 5 22 30
A 5 23 4
A 5 24 6
A 5 25 27
A 5 26 28
A 5 27 1
A 5 28 4
A 5 29 7
A 5 30 23
A 5 31 6
A 5 32 17
A 5 33 -1
A 5 34 7
A 5 35 18
A 5 36 17
A 5 37 14
A 5 38 20
A 5 39 0
A 5 40 6
A 5 41 21
A 5 42 28
A 5 43 2
A 5 44 30
A 5 45 24
A 5 46 21
A 5 47 3
A 5 48 22
A 5 49 18
A 5 50 2
A 5 51 2
A 5 52 19
A 5 53 17
A 5 54 19
A 5 55 13
A 5 56 24
A 5 57 9
A 5 58 11
A 5 59 15
A 5 60 0
A 5 61 6
A 5 62 22
A 5 63 19
A 5 64 16
A 5 65 29
A 5 66 10
A 5 67 2
A 5 68 26
A 5 69 9
A 5 70 11
A 5 71 18
A 5 72 23
A 5 73 5
A 5 74 2
A 5 75 7
A 5 76 -2
A 5 77 14
A 5 78 18
A 5 79 26
A 5 80 7
A 5 81 11
A 5 82 16
A 5 83 -1
A 5 84 20
A 5 85 18
A 5 86 27
A 5 87 10
A 5 88 19
A 5 89 20
A 5 90 8
A 5 91 26
A 5 92 16
A 5 93 24
A 5 94 20
A 5 95 3
A 5 96 15
A 5 97 12
A 5 98 -1
A 5 99 6
A 5 100 2
A 5 101 14
A 5 102 30
A 5 103 10
A 5 104 20
A 5 105 -2
A 5 106 13
A 5 107 14
A 5 108 16
A 5 109 14
A 5 110 9
A 5 111 11
A 5 112 30
A 5 113 3
A 5 114 28
A 5 115 0
A 5 116 16
A 5 117 10
A 5 118 25
A 5 119 1
A 5 120 28
A 6 1 5
A 6 2 4
A 6 3 20
A 6 4 25
A 6 5 26
A 6 6 -2
A 6 7 30
A 6 8 7
A 6 9 13
A 6 10 26
A 6 11 -2
A 6 12 9
A 6 13 9
A 6 14 6
A 6 15 21
A 6 16 30
A 6 17 30
A 6 18 5
A 6 19 26
A 6 20 11
A 6 21 23
A 6 22 8
A 6 23 6
A 6 24 16
A 6 25 25
A 6 26 18
A 6 27 23
A 6 28 24
A 6 29 14
A 6 30 25
A 6 31 5
A 6 32 3
A 6 33 -1
A 6 34 19
A 6 35 4
A 6 36 25
A 6 37 21
A 6 38 24
A 6 39 30
A 6 40 1
A 6 41 27
A 6 42 23
A 6 43 24
A 6 44 11
A 6 45 -1
A 6 46 9
A 6 47 15
A 6 48 13
A 6 49 27
A 6 50 13
A 6 51 1
A 6 52 16
A 6 53 24
A 6 54 3
A 6 55 20
A 6 56 26
A 6 57 15
A 6 58 30
A 6 59 14
A 6 60 3
A 6 61 23
A 6 62 30
A 6 63 -2
A 6 64 5
A 6 65 0
A 6 66 30
A 6 67 13
A 6 68 22
A 6 69 18
A 6 70 22
A 6 71 17
A 6 72 4
A 6 73 17
A 6 74 25
A 6 75 7
A 6 76 23
A 6 77 10
A 6 78 27
A 6 79 2
A 6 80 7
A 6 81 18
A 6 82 14
A 6 83 19
A 6 84 2
A 6 85 11
A 6 86 1
A 6 87 10
A 6 88 0
A 6 89 25
A 6 90 28
A 6 91 27
A 6 92 11
A 6 93 9
A 6 94 23
A 6 95 23
A 6 96 26
A 6 97 3
A 6 98 30
A 6 99 29
A 6 100 6
A 6 101 19
A 6 102 -1
A 6 103 16
A 6 104 30
A 6 105 27
A 6 106 14
A 6 107 7
A 6 108 18
A 6 109 15
A 6 110 7
A 6 111 4
A 6 112 18
A 6 113 28
A 6 114 29
A 6 115 29
A 6 116 23
A 6 117 16
A 6 118 20
A 6 119 -2
A 6 120 1
A 7 1 12
A 7 2 14
A 7 3 15
A 7 4 25
A 7 5 8
A 7 6 10
A 7 7 4
A 7 8 23
A 7 9 21
A 7 10 27
A 7 11 6
A 7 12 19
A 7 13 2
A 7 14 1
A 7 15 23
A 7 16 9
A 7 17 9
A 7 18 4
A 7 19 7
A 7 20 1
A 7 21 16
A 7 22 20
A 7 23 3
A 7 24 9
A 7 25 15
A 7 26 4
A 7 27 1
A 7 28 8
A 7 29 15
A 7 30 15
A 7 31 3
A 7 32 15
A 7 33 7
A 7 34 23
A 7 35 14
A 7 36 -2
A 7 37 28
A 7 38 29
A 7 39 18
A 7 40 14
A 7 41 -2
A 7 42 2
A 7 43 24
A 7 44 30
A 7 45 11
A 7 46 20
A 7 47 30
A 7 48 30
A 7 49 29
A 7 50 8
A 7 51 16
A 7 52 3
A 7 53 19
A 7 54 6
A 7 55 7
A 7 56 15
A 7 57 26
A 7 58 5
A 7 59 12
A 7 60 11
A 7 61 27
A 7 62 3
A 7 63 28
A 7 64 8
A 7 65 30
A 7 66 6
A 7 67 26
A 7 68 21
A 7 69 8
A 7 70 6
A 7 71 19
A 7 72 15
A 7 73 3
A 7 74 6
A 7 75 5
A 7 76 1
A 7 77 0
A 7 78 18
A 7 79 4
A 7 80 10
A 7 81 17
A 7 82 9
A 7 83 22
A 7 84 5
A 7 85 14
A 7 86 22
A 7 87 2
A 7 88 28
A 7 89 6
A 7 90 0
A 7 91 7
A 7 92 17
A 7 93 6
A 7 94 15
A 7 95 21
A 7 96 26
A 7 97 18
A 7 98 12
A 7 99 16
A 7 100 29
A 7 101 22
A 7 102 27
A 7 103 22
A 7 104 29
A 7 105 21
A 7 106 11
A 7 107 5
A 7 108 23
A 7 109 4
A 7 110 3
A 7 111 1
A 7 112 25
A 7 113 16
A 7 114 27
A 7 115 10
A 7 116 23
A 7 117 16
A 7 118 2
A 7 119 23
A 7 120 24
A 8 1 23
A 8 2 3
A 8 3 15
A 8 4 8
A 8 5 -2
A 8 6 16
A 8 7 18
A 8 8 1
A 8 9 29
A 8 10 18
A 8 11 27
A 8 12 6
A 8 13 2
A 8 14 0
A 8 15 14
A 8 16 4
A 8 17 10
A 8 18 23
A 8 19 14
A 8 20 26
A 8 21 29
A 8 22 28
A 8 23 22
A 8 24 13
A 8 25 25
A 8 26 13
A 8 27 10
A 8 28 4
A 8 29 25
A 8 30 0
A 8 31 -2
A 8 32 20
A 8 33 20
A 8 34 15
A 8 35 28
A 8 36 0
A 8 37 12
A 8 38 1
A 8 39 28
A 8 40 13
A 8 41 24
A 8 42 16
A 8 43 1
A 8 44 22
A 8 45 24
A 8 46 9
A 8 47 30
A 8 48 19
A 8 49 2
A 8 50 0
A 8 51 5
A 8 52 4
A 8 53 -2
A 8 54 25
A 8 55 10
A 8 56 5
A 8 57 30
A 8 58 1
A 8 59 21
A 8 60 25
A 8 61 21
A 8 62 18
A 8 63 0
A 8 64 4
A 8 65 15
A 8 66 4
A 8 67 5
A 8 68 29
A 8 69 3
A 8 70 13
A 8 71 -1
A 8 72 19
A 8 73 5
A 8 74 7
A 8 75 20
A 8 76 18
A 8 77 14
A 8 78 28
A 8 79 11
A 8 80 9
A 8 81 20
A 8 82 8
A 8 83 11
A 8 84 4
A 8 85 27
A 8 86 15
A 8 87 0
A 8 88 26
A 8 89 5
A 8 90 8
A 8 91 21
A 8 92 6
A 8 93 15
A 8 94 15
A 8 95 26
A 8 96 5
A 8 97 19
A 8 98 27
A 8 99 17
A 8 100 7
A 8 101 27
A 8 102 8
A 8 103 2
A 8 104 16
A 8 105 22
A 8 106 15
A 8 107 30
A 8 108 9
A 8 109 11
A 8 110 15
A 8 111 28
A 8 112 21
A 8 113 19
A 8 114 23
A 8 115 11
A 8 116 14
A 8 117 15
A 8 118 25
A 8 119 -2
A 8 120 18
A 9 1 15
A 9 2 4
A 9 3 23
A 9 4 1
A 9 5 4
A 9 6 16
A 9 7 14
A 9 8 4
A 9 9 -1
A 9 10 25
A 9 11 11
A 9 12 3
A 9 13 -1
A 9 14 24
A 9 15 27
A 9 16 26
A 9 17 2
A 9 18 13
A 9 19 25
A 9 20 23
A 9 21 4
A 9 22 17
A 9 23 28
A 9 24 15
A 9 25 23
A 9 26 13
A 9 27 9
A 9 28 11
A 9 29 1
A 9 30 1
A 9 31 17
A 9 32 3
A 9 33 18
A 9 34 10
A 9 35 19
A 9 36 -1
A 9 37 20
A 9 38 15
A 9 39 18
A 9 40 12
A 9 41 12
A 9 42 1
A 9 43 5
A 9 44 -1
A 9 45 27
A 9 46 14
A 9 47 15
A 9 48 30
A 9 49 14
A 9 50 27
A 9 51 -2
A 9 52 4
A 9 53 6
A 9 54 27
A 9 55 2
A 9 56 23
A 9 57 21
A 9 58 12
A 9 59 19
A 9 60 15
A 9 61 5
A 9 62 26
A 9 63 25
A 9 64 21
A 9 65 19
A 9 66 14
A 9 67 13
A 9 68 30
A 9 69 25
A 9 70 14
A 9 71 15
A 9 72 27
A 9 73 15
A 9 74 -2
A 9 75 18
A 9 76 3
A 9 77 13
A 9 78 13
A 9 79 22
A 9 80 29
A 9 81 25
A 9 82 30
A 9 83 20
A 9 84 -2
A 9 85 30
A 9 86 12
A 9 87 27
A 9 88 19
A 9 89 18
A 9 90 15
A 9 91 13
A 9 92 26
A 9 93 3
A 9 94 30
A 9 95 0
A 9 96 20
A 9 97 10
A 9 98 1
A 9 99 4
A 9 100 8
A 9 101 26
A 9 102 21
A 9 103 24
A 9 104 4
A 9 105 14
A 9 106 -1
A 9 107 10
A 9 108 -1
A 9 109 19
A 9 110 15
A 9 111 7
A 9 112 1
A 9 113 -2
A 9 114 21
A 9 115 8
A 9 116 0
A 9 117 24
A 9 118 17
A 9 119 7
A 9 120 17
A 10 1 30
A 10 2 29
A 10 3 4
A 10 4 23
A 10 5 16
A 10 6 12
A 10 7 27
A 10 8 23
A 10 9 17
A 10 10 26
A 10 11 1
A 10 12 20
A 10 13 10
A 10 14 17
A 10 15 1
A 10 16 14
A 10 17 27
A 10 18 -1
A 10 19 28
A 10 20 0
A 10 21 23
A 10 22 19
A 10 23 5
A 10 24 12
A 10 25 23
A 10 26 30
A 10 27 1
A 10 28 2
A 10 29 12
A 10 30 5
A 10 31 2
A 10 32 23
A 10 33 1
A 10 34 29
A 10 35 26
A 10 36 14
A 10 37 26
A 10 38 27
A 10 39 18
A 10 40 28
A 10 41 8
A 10 42 14
A 10 43 0
A 10 44 29
A 10 45 14
A 10 46 16
A 10 47 9
A 10 48 6
A 10 49 14
A 10 50 11
A 10 51 25
A 10 52 20
A 10 53 0
A 10 54 27
A 10 55 -2
A 10 56 23
A 10 57 1
A 10 58 8
A 10 59 24
A 10 60 12
A 10 61 5
A 10 62 6
A 10 63 3
A 10 64 19
A 10 65 26
A 10 66 9
A 10 67 16
A 10 68 8
A 10 69 -2
A 10 70 29
A 10 71 11
A 10 72 0
A 10 73 1
A 10 74 9
A 10 75 11
A 10 76 18
A 10 77 9
A 10 78 3
A 10 79 11
A 10 80 1
A 10 81 10
A 10 82 21
A 10 83 14
A 10 84 30
A 10 85 11
A 10 86 29
A 10 87 18
A 10 88 9
A 10 89 7
A 10 90 17
A 10 91 28
A 10 92 30
A 10 93 3
A 10 94 -2
A 10 95 16
A 10 96 -1
A 10 97 20
A 10 98 7
A 10 99 16
A 10 100 12
A 10 101 30
A 10 102 17
A 10 103 20
A 10 104 28
A 10 105 1
A 10 106 9
A 10 107 15
A 10 108 2
A 10 109 21
A 10 110 28
A 10 111 28
A 10 112 24
A 10 113 3
A 10 114 17
A 10 115 20
A 10 116 14
A 10 117 18
A 10 118 23
A 10 119 14
A 10 120 15
A 11 1 20
A 11 2 18
A 11 3 19
A 11 4 15
A 11 5 25
A 11 6 4
A 11 7 10
A 11 8 22
A 11 9 23
A 11 10 14
A 11 11 5
A 11 12 4
A 11 13 12
A 11 14 4
A 11 15 14
A 11 16 9
A 11 17 16
A 11 18 30
A 11 19 16
A 11 20 14
A 11 21 2
A 11 22 18
A 11 23 26
A 11 24 19
A 11 25 9
A 11 26 7
A 11 27 5
A 11 28 25
A 11 29 14
A 11 30 1
A 11 31 16
A 11 32 19
A 11 33 10
A 11 34 12
A 11 35 23
A 11 36 4
A 11 37 27
A 11 38 5
A 11 39 9
A 11 40 30
A 11 41 9
A 11 42 7
A 11 43 4
A 11 44 -1
A 11 45 19
A 11 46 -1
A 11 47 27
A 11 48 -1
A 11 49 1
A 11 50 19
A 11 51 30
A 11 52 20
A 11 53 15
A 11 54 29
A 11 55 10
A 11 56 25
A 11 57 20
A 11 58 8
A 11 59 7
A 11 60 12
A 11 61 30
A 11 62 28
A 11 63 1
A 11 64 28
A 11 65 22
A 11 66 7
A 11 67 16
A 11 68 28
A 11 69 22
A 11 70 21
A 11 71 -1
A 11 72 19
A 11 73 22
A 11 74 30
A 11 75 25
A 11 76 24
A 11 77 25
A 11 78 2
A 11 79 28
A 11 80 5
A 11 81 26
A 11 82 5
A 11 83 28
A 11 84 8
A 11 85 26
A 11 86 17
A 11 87 23
A 11 88 11
A 11 89 8
A 11 90 25
A 11 91 4
A 11 92 30
A 11 93 28
A 11 94 -1
A 11 95 7
A 11 96 12
A 11 97 27
A 11 98 25
A 11 99 18
A 11 100 15
A 11 101 3
A 11 102 3
A 11 103 -2
A 11 104 -1
A 11 105 11
A 11 106 20
A 11 107 15
A 11 108 21
A 11 109 6
A 11 110 24
A 11 111 -2
A 11 112 3
A 11 113 2
A 11 114 19
A 11 115 28
A 11 116 22
A 11 117 26
A 11 118 30
A 11 119 21
A 11 120 10
A 12 1 0
A 12 2 7
A 12 3 24
A 12 4 25
A 12 5 -1
A 12 6 16
A 12 7 17
A 12 8 5
A 12 9 22
A 12 10 4
A 12 11 1
A 12 12 26
A 12 13 7
A 12 14 29
A 12 15 27
A 12 16 19
A 12 17 16
A 12 18 20
A 12 19 15
A 12 20 22
A 12 21 20
A 12 22 29
A 12 23 19
A 12 24 24
A 12 25 23
A 12 26 17
A 12 27 19
A 12 28 27
A 12 29 17
A 12 30 21
A 12 31 11
A 12 32 4
A 12 33 5
A 12 34 13
A 12 35 15
A 12 36 26
A 12 37 1
A 12 38 10
A 12 39 12
A 12 40 23
A 12 41 18
A 12 42 22
A 12 43 27
A 12 44 14
A 12 45 -2
A 12 46 19
A 12 47 29
A 12 48 18
A 12 49 29
A 12 50 1
A 12 51 -2
A 12 52 9
A 12 53 -2
A 12 54 19
A 12 55 21
A 12 56 -2
A 12 57 9
A 12 58 21
A 12 59 28
A 12 60 2
A 12 61 18
A 12 62 0
A 12 63 1
A 12 64 2
A 12 65 20
A 12 66 19
A 12 67 0
A 12 68 4
A 12 69 5
A 12 70 7
A 12 71 18
A 12 72 4
A 12 73 1
A 12 74 0
A 12 75 1
A 12 76 -1
A 12 77 29
A 12 78 5
A 12 79 30
A 12 80 13
A 12 81 9
A 12 82 -1
A 12 83 8
A 12 84 24
A 12 85 21
A 12 86 18
A 12 87 0
A 12 88 4
A 12 89 7
A 12 90 8
A 12 91 23
A 12 92 10
A 12 93 17
A 12 94 13
A 12 95 12
A 12 96 23
A 12 97 2
A 12 98 22
A 12 99 8
A 12 100 29
A 12 101 2
A 12 102 1
A 12 103 7
A 12 104 2
A 12 105 8
A 12 106 24
A 12 107 20
A 12 108 2
A 12 109 10
A 12 110 -1
A 12 111 12
A 12 112 1
A 12 113 2
A 12 114 6
A 12 115 24
A 12 116 29
A 12 117 30
A 12 118 5
A 12 119 1
A 12 120 4
A 13 1 8
A 13 2 25
A 13 3 0
A 13 4 5
A 13 5 8
A 13 6 25
A 13 7 18
A 13 8 23
A 13 9 3
A 13 10 3
A 13 11 20
A 13 12 16
A 13 13 6
A 13 14 3
A 13 15 16
A 13 16 20
A 13 17 14
A 13 18 2
A 13 19 2
A 13 20 23
A 13 21 13
A 13 22 18
A 13 23 12
A 13 24 0
A 13 25 3
A 13 26 7
A 13 27 12
A 13 28 24
A 13 29 28
A 13 30 14
A 13 31 9
A 13 32 1
A 13 33 30
A 13 34 10
A 13 35 28
A 13 36 24
A 13 37 1
A 13 38 29
A 13 39 24
A 13 40 6
A 13 41 10
A 13 42 17
A 13 43 14
A 13 44 0
A 13 45 24
A 13 46 23
A 13 47 4
A 13 48 10
A 13 49 6
A 13 50 29
A 13 51 5
A 13 52 4
A 13 53 29
A 13 54 15
A 13 55 8
A 13 56 26
A 13 57 20
A 13 58 7
A 13 59 3
A 13 60 17
A 13 61 2
A 13 62 17
A 13 63 21
A 13 64 23
A 13 65 2
A 13 66 26
A 13 67 7
A 13 68 26
A 13 69 9
A 13 70 4
A 13 71 6
A 13 72 1
A 13 73 18
A 13 74 30
A 13 75 3
A 13 76 30
A 13 77 3
A 13 78 18
A 13 79 27
A 13 80 13
A 13 81 12
A 13 82 3
A 13 83 7
A 13 84 13
A 13 85 23
A 13 86 30
A 13 87 13
A 13 88 22
A 13 89 29
A 13 90 0
A 13 91 22
A 13 92 7
A 13 93 19
A 13 94 28
A 13 95 9
A 13 96 17
A 13 97 4
A 13 98 26
A 13 99 19
A 13 100 6
A 13 101 1
A 13 102 19
A 13 103 13
A 13 104 2
A 13 105 0
A 13 106 16
A 13 107 13
A 13 108 11
A 13 109 11
A 13 110 22
A 13 111 15
A 13 112 9
A 13 113 30
A 13 114 -1
A 13 115 13
A 13 116 12
A 13 117 1
A 13 118 21
A 13 119 3
A 13 120 8
A 14 1 27
A 14 2 23
A 14 3 22
A 14 4 2
A 14 5 29
A 14 6 26
A 14 7 11
A 14 8 -2
A 14 9 25
A 14 10 0
A 14 11 1
A 14 12 18
A 14 13 18
A 14 14 19
A 14 15 11
A 14 16 -2
A 14 17 24
A 14 18 26
A 14 19 7
A 14 20 24
A 14 21 9
A 14 22 21
A 14 23 20
A 14 24 10
A 14 25 2
A 14 26 29
A 14 27 9
A 14 28 29
A 14 29 2
A 14 30 26
A 14 31 3
A 14 32 22
A 14 33 23
A 14 34 21
A 14 35 21
A 14 36 5
A 14 37 27
A 14 38 20
A 14 39 28
A 14 40 25
A 14 41 27
A 14 42 3
A 14 43 24
A 14 44 9
A 14 45 20
A 14 46 -2
A 14 47 3
A 14 48 8
A 14 49 1
A 14 50 3
A 14 51 -1
A 14 52 13
A 14 53 -2
A 14 54 12
A 14 55 0
A 14 56 13
A 14 57 28
A 14 58 4
A 14 59 23
A 14 60 19
A 14 61 10
A 14 62 10
A 14 63 -2
A 14 64 18
A 14 65 19
A 14 66 25
A 14 67 2
A 14 68 7
A 14 69 21
A 14 70 11
A 14 71 6
A 14 72 5
A 14 73 19
A 14 74 3
A 14 75 9
A 14 76 16
A 14 77 3
A 14 78 26
A 14 79 10
A 14 80 4
A 14 81 22
A 14 82 21
A 14 83 -1
A 14 84 12
A 14 85 4
A 14 86 15
A 14 87 20
A 14 88 28
A 14 89 23
A 14 90 15
A 14 91 29
A 14 92 28
A 14 93 24
A 14 94 12
A 14 95 20
A 14 96 -1
A 14 97 28
A 14 98 14
A 14 99 23
A 14 100 29
A 14 101 25
A 14 102 24
A 14 103 7
A 14 104 26
A 14 105 9
A 14 106 25
A 14 107 11
A 14 108 16
A 14 109 4
A 14 110 27
A 14 111 18
A 14 112 4
A 14 113 8
A 14 114 7
A 14 115 28
A 14 116 21
A 14 117 5
A 14 118 5
A 14 119 3
A 14 120 20
A 15 1 4
A 15 2 8
A 15 3 23
A 15 4 7
A 15 5 2
A 15 6 30
A 15 7 3
A 15 8 20
A 15 9 -2
A 15 10 5
A 15 11 6
A 15 12 28
A 15 13 23
A 15 14 1
A 15 15 2
A 15 16 28
A 15 17 24
A 15 18 6
A 15 19 18
A 15 20 8
A 15 21 19
A 15 22 -2
A 15 23 11
A 15 24 11
A 15 25 16
A 15 26 8
A 15 27 1
A 15 28 11
A 15 29 23
A 15 30 -1
A 15 31 23
A 15 32 7
A 15 33 15
A 15 34 12
A 15 35 0
A 15 36 7
A 15 37 11
A 15 38 3
A 15 39 0
A 15 40 12
A 15 41 6
A 15 42 29
A 15 43 8
A 15 44 12
A 15 45 18
A 15 46 19
A 15 47 12
A 15 48 12
A 15 49 13
A 15 50 8
A 15 51 29
A 15 52 3
A 15 53 26
A 15 54 4
A 15 55 15
A 15 56 0
A 15 57 6
A 15 58 29
A 15 59 24
A 15 60 20
A 15 61 30
A 15 62 16
A 15 63 -2
A 15 64 30
A 15 65 30
A 15 66 19
A 15 67 23
A 15 68 10
A 15 69 17
A 15 70 8
A 15 71 18
A 15 72 11
A 15 73 -2
A 15 74 3
A 15 75 10
A 15 76 -2
A 15 77 -2
A 15 78 1
A 15 79 18
A 15 80 29
A 15 81 5
A 15 82 10
A 15 83 1
A 15 84 3
A 15 85 7
A 15 86 8
A 15 87 29
A 15 88 16
A 15 89 6
A 15 90 12
A 15 91 2
A 15 92 16
A 15 93 30
A 15 94 19
A 15 95 21
A 15 96 3
A 15 97 13
A 15 98 13
A 15 99 -2
A 15 100 10
A 15 101 25
A 15 102 25
A 15 103 14
A 15 104 11
A 15 105 12
A 15 106 3
A 15 107 2
A 15 108 29
A 15 109 12
A 15 110 25
A 15 111 3
A 15 112 2
A 15 113 1
A 15 114 1
A 15 115 10
A 15 116 3
A 15 117 30
A 15 118 18
A 15 119 24
A 15 120 21
A 16 1 25
A 16 2 26
A 16 3 15
A 16 4 22
A 16 5 17
A 16 6 21
A 16 7 12
A 16 8 17
A 16 9 10
A 16 10 21
A 16 11 9
A 16 12 30
A 16 13 30
A 16 14 26
A 16 15 6
A 16 16 11
A 16 17 7
A 16 18 1
A 16 19 -1
A 16 20 10
A 16 21 24
A 16 22 18
A 16 23 8
A 16 24 3
A 16 25 15
A 16 26 9
A 16 27 29
A 16 28 1
A 16 29 11
A 16 30 0
A 16 31 22
A 16 32 5
A 16 33 9
A 16 34 10
A 16 35 1
A 16 36 27
A 16 37 5
A 16 38 -1
A 16 39 15
A 16 40 14
A 16 41 10
A 16 42 23
A 16 43 4
A 16 44 -1
A 16 45 18
A 16 46 23
A 16 47 4
A 16 48 3
A 16 49 0
A 16 50 22
A 16 51 -2
A 16 52 12
A 16 53 24
A 16 54 11
A 16 55 26
A 16 56 18
A 16 57 5
A 16 58 22
A 16 59 20
A 16 60 30
A 16 61 15
A 16 62 23
A 16 63 20
A 16 64 9
A 16 65 30
A 16 66 27
A 16 67 17
A 16 68 12
A 16 69 26
A 16 70 7
A 16 71 21
A 16 72 24
A 16 73 28
A 16 74 18
A 16 75 -2
A 16 76 20
A 16 77 21
A 16 78 26
A 16 79 -1
A 16 80 5
A 16 81 23
A 16 82 30
A 16 83 19
A 16 84 4
A 16 85 1
A 16 86 -1
A 16 87 4
A 16 88 26
A 16 89 15
A 16 90 23
A 16 91 6
A 16 92 23
A 16 93 16
A 16 94 3
A 16 95 29
A 16 96 6
A 16 97 12
A 16 98 2
A 16 99 9
A 16 100 25
A 16 101 18
A 16 102 8
A 16 103 3
A 16 104 15
A 16 105 -2
A 16 106 29
A 16 107 -2
A 16 108 3
A 16 109 12
A 16 110 4
A 16 111 23
A 16 112 15
A 16 113 25
A 16 114 0
A 16 115 19
A 16 116 15
A 16 117 0
A 16 118 2
A 16 119 8
A 16 120 12
A 17 1 8
A 17 2 0
A 17 3 23
A 17 4 14
A 17 5 4
A 17 6 30
A 17 7 16
A 17 8 8
A 17 9 11
A 17 10 16
A 17 11 20
A 17 12 -1
A 17 13 9
A 17 14 28
A 17 15 2
A 17 16 4
A 17 17 6
A 17 18 10
A 17 19 4
A 17 20 5
A 17 21 2
A 17 22 2
A 17 23 26
A 17 24 17
A 17 25 17
A 17 26 25
A 17 27 -1
A 17 28 1
A 17 29 2
A 17 30 7
A 17 31 1
A 17 32 15
A 17 33 10
A 17 34 13
A 17 35 6
A 17 36 5
A 17 37 12
A 17 38 26
A 17 39 15
A 17 40 24
A 17 41 2
A 17 42 0
A 17 43 -2
A 17 44 9
A 17 45 4
A 17 46 28
A 17 47 7
A 17 48 30
A 17 49 30
A 17 50 23
A 17 51 13
A 17 52 11
A 17 53 16
A 17 54 26
A 17 55 19
A 17 56 13
A 17 57 12
A 17 58 24
A 17 59 4
A 17 60 18
A 17 61 6
A 17 62 20
A 17 63 16
A 17 64 13
A 17 65 4
A 17 66 0
A 17 67 2
A 17 68 29
A 17 69 9
A 17 70 6
A 17 71 21
A 17 72 20
A 17 73 30
A 17 74 25
A 17 75 30
A 17 76 14
A 17 77 21
A 17 78 10
A 17 79 0
A 17 80 2
A 17 81 -1
A 17 82 9
A 17 83 16
A 17 84 13
A 17 85 26
A 17 86 14
A 17 87 12
A 17 88 15
A 17 89 30
A 17 90 5
A 17 91 -2
A 17 92 1
A 17 93 24
A 17 94 21
A 17 95 7
A 17 96 17
A 17 97 0
A 17 98 26
A 17 99 12
A 17 100 11
A 17 101 24
A 17 102 26
A 17 103 17
A 17 104 0
A 17 105 3
A 17 106 7
A 17 107 3
A 17 108 17
A 17 109 12
A 17 110 9
A 17 111 5
A 17 112 29
A 17 113 0
A 17 114 19
A 17 115 16
A 17 116 16
A 17 117 1
A 17 118 13
A 17 119 8
A 17 120 0
A 18 1 11
A 18 2 30
A 18 3 18
A 18 4 1
A 18 5 17
A 18 6 -2
A 18 7 19
A 18 8 1
A 18 9 -2
A 18 10 0
A 18 11 29
A 18 12 21
A 18 13 -1
A 18 14 18
A 18 15 25
A 18 16 27
A 18 17 17
A 18 18 23
A 18 19 9
A 18 20 18
A 18 21 28
A 18 22 12
A 18 23 22
A 18 24 12
A 18 25 3
A 18 26 24
A 18 27 10
A 18 28 0
A 18 29 14
A 18 30 1
A 18 31 17
A 18 32 1
A 18 33 13
A 18 34 29
A 18 35 3
A 18 36 16
A 18 37 8
A 18 38 3
A 18 39 25
A 18 40 27
A 18 41 19
A 18 42 2
A 18 43 2
A 18 44 25
A 18 45 11
A 18 46 29
A 18 47 16
A 18 48 15
A 18 49 4
A 18 50 1
A 18 51 0
A 18 52 15
A 18 53 20
A 18 54 13
A 18 55 -1
A 18 56 14
A 18 57 -2
A 18 58 23
A 18 59 24
A 18 60 29
A 18 61 11
A 18 62 22
A 18 63 24
A 18 64 23
A 18 65 -1
A 18 66 4
A 18 67 20
A 18 68 4
A 18 69 26
A 18 70 12
A 18 71 14
A 18 72 3
A 18 73 16
A 18 74 30
A 18 75 -1
A 18 76 0
A 18 77 23
A 18 78 21
A 18 79 10
A 18 80 23
A 18 81 14
A 18 82 24
A 18 83 30
A 18 84 14
A 18 85 14
A 18 86 22
A 18 87 20
A 18 88 19
A 18 89 28
A 18 90 17
A 18 91 22
A 18 92 20
A 18 93 22
A 18 94 7
A 18 95 -2
A 18 96 16
A 18 97 3
A 18 98 0
A 18 99 14
A 18 100 0
A 18 101 11
A 18 102 11
A 18 103 25
A 18 104 29
A 18 105 27
A 18 106 -1
A 18 107 3
A 18 108 7
A 18 109 19
A 18 110 1
A 18 111 8
A 18 112 1
A 18 113 -2
A 18 114 12
A 18 115 3
A 18 116 15
A 18 117 17
A 18 118 10
A 18 119 20
A 18 120 22
A 19 1 12
A 19 2 17
A 19 3 9
A 19 4 11
A 19 5 24
A 19 6 15
A 19 7 3
A 19 8 24
A 19 9 8
A 19 10 6
A 19 11 17
A 19 12 1
A 19 13 27
A 19 14 25
A 19 15 2
A 19 16 25
A 19 17 12
A 19 18 8
A 19 19 11
A 19 20 -1
A 19 21 18
A 19 22 30
A 19 23 5
A 19 24 21
A 19 25 22
A 19 26 19
A 19 27 24
A 19 28 16
A 19 29 16
A 19 30 24
A 19 31 25
A 19 32 24
A 19 33 26
A 19 34 16
A 19 35 15
A 19 36 -2
A 19 37 15
A 19 38 0
A 19 39 26
A 19 40 6
A 19 41 3
A 19 42 22
A 19 43 26
A 19 44 -1
A 19 45 3
A 19 46 24
A 19 47 0
A 19 48 13
A 19 49 7
A 19 50 15
A 19 51 28
A 19 52 25
A 19 53 13
A 19 54 21
A 19 55 0
A 19 56 15
A 19 57 11
A 19 58 22
A 19 59 6
A 19 60 27
A 19 61 12
A 19 62 4
A 19 63 18
A 19 64 6
A 19 65 19
A 19 66 14
A 19 67 17
A 19 68 12
A 19 69 28
A 19 70 5
A 19 71 15
A 19 72 19
A 19 73 2
A 19 74 18
A 19 75 -1
A 19 76 26
A 19 77 18
A 19 78 23
A 19 79 2
A 19 80 17
A 19 81 30
A 19 82 12
A 19 83 1
A 19 84 0
A 19 85 8
A 19 86 22
A 19 87 24
A 19 88 11
A 19 89 23
A 19 90 29
A 19 91 20
A 19 92 22
A 19 93 17
A 19 94 -2
A 19 95 0
A 19 96 25
A 19 97 7
A 19 98 13
A 19 99 5
A 19 100 6
A 19 101 15
A 19 102 14
A 19 103 23
A 19 104 28
A 19 105 16
A 19 106 24
A 19 107 26
A 19 108 6
A 19 109 24
A 19 110 22
A 19 111 23
A 19 112 2
A 19 113 23
A 19 114 -2
A 19 115 0
A 19 116 30
A 19 117 7
A 19 118 2
A 19 119 8
A 19 120 13
A 20 1 4
A 20 2 4
A 20 3 1
A 20 4 5
A 20 5 -2
A 20 6 15
A 20 7 15
A 20 8 19
A 20 9 1
A 20 10 22
A 20 11 19
A 20 12 20
A 20 13 5
A 20 14 8
A 20 15 14
A 20 16 -1
A 20 17 23
A 20 18 17
A 20 19 9
A 20 20 13
A 20 21 23
A 20 22 8
A 20 23 15
A 20 24 3
A 20 25 16
A 20 26 0
A 20 27 4
A 20 28 26
A 20 29 6
A 20 30 23
A 20 31 3
A 20 32 0
A 20 33 28
A 20 34 14
A 20 35 16
A 20 36 14
A 20 37 24
A 20 38 14
A 20 39 18
A 20 40 5
A 20 41 4
A 20 42 12
A 20 43 16
A 20 44 18
A 20 45 10
A 20 46 19
A 20 47 12
A 20 48 5
A 20 49 -2
A 20 50 -2
A 20 51 7
A 20 52 -2
A 20 53 26
A 20 54 21
A 20 55 18
A 20 56 21
A 20 57 15
A 20 58 13
A 20 59 8
A 20 60 27
A 20 61 23
A 20 62 1
A 20 63 6
A 20 64 13
A 20 65 20
A 20 66 25
A 20 67 3
A 20 68 28
A 20 69 5
A 20 70 30
A 20 71 13
A 20 72 -1
A 20 73 13
A 20 74 23
A 20 75 12
A 20 76 7
A 20 77 8
A 20 78 29
A 20 79 26
A 20 80 -1
A 20 81 8
A 20 82 14
A 20 83 14
A 20 84 23
A 20 85 23
A 20 86 12
A 20 87 25
A 20 88 -1
A 20 89 26
A 20 90 27
A 20 91 24
A 20 92 -1
A 20 93 28
A 20 94 19
A 20 95 18
A 20 96 -1
A 20 97 0
A 20 98 15
A 20 99 7
A 20 100 23
A 20 101 0
A 20 102 6
A 20 103 17
A 20 104 2
A 20 105 16
A 20 106 30
A 20 107 13
A 20 108 2
A 20 109 30
A 20 110 -2
A 20 111 29
A 20 112 11
A 20 113 7
A 20 114 16
A 20 115 26
A 20 116 -1
A 20 117 13
A 20 118 6
A 20 119 19
A 20 120 22
A 21 1 1
A 21 2 17
A 21 3 13
A 21 4 1
A 21 5 17
A 21 6 26
A 21 7 7
A 21 8 23
A 21 9 5
A 21 10 7
A 21 11 5
A 21 12 27
A 21 13 26
A 21 14 29
A 21 15 21
A 21 16 4
A 21 17 15
A 21 18 18
A 21 19 26
A 21 20 7
A 21 21 12
A 21 22 21
A 21 23 11
A 21 24 7
A 21 25 21
A 21 26 4
A 21 27 29
A 21 28 4
A 21 29 20
A 21 30 24
A 21 31 1
A 21 32 15
A 21 33 0
A 21 34 23
A 21 35 21
A 21 36 4
A 21 37 21
A 21 38 0
A 21 39 11
A 21 40 24
A 21 41 23
A 21 42 11
A 21 43 -1
A 21 44 30
A 21 45 21
A 21 46 5
A 21 47 27
A 21 48 4
A 21 49 30
A 21 50 18
A 21 51 13
A 21 52 26
A 21 53 12
A 21 54 10
A 21 55 28
A 21 56 30
A 21 57 16
A 21 58 17
A 21 59 18
A 21 60 27
A 21 61 19
A 21 62 -1
A 21 63 11
A 21 64 6
A 21 65 28
A 21 66 8
A 21 67 10
A 21 68 7
A 21 69 21
A 21 70 12
A 21 71 9
A 21 72 2
A 21 73 2
A 21 74 19
A 21 75 26
A 21 76 15
A 21 77 23
A 21 78 16
A 21 79 4
A 21 80 16
A 21 81 -2
A 21 82 20
A 21 83 2
A 21 84 24
A 21 85 4
A 21 86 28
A 21 87 5
A 21 88 30
A 21 89 16
A 21 90 -2
A 21 91 5
A 21 92 17
A 21 93 5
A 21 94 11
A 21 95 4
A 21 96 17
A 21 97 23
A 21 98 3
A 21 99 27
A 21 100 18
A 21 101 12
A 21 102 20
A 21 103 21
A 21 104 13
A 21 105 30
A 21 106 8
A 21 107 26
A 21 108 8
A 21 109 24
A 21 110 24
A 21 111 16
A 21 112 10
A 21 113 25
A 21 114 20
A 21 115 25
A 21 116 28
A 21 117 19
A 21 118 26
A 21 119 3
A 21 120 5
A 22 1 11
A 22 2 26
A 22 3 -1
A 22 4 21
A 22 5 19
A 22 6 20
A 22 7 -1
A 22 8 12
A 22 9 1
A 22 10 2
A 22 11 28
A 22 12 23
A 22 13 -1
A 22 14 22
A 22 15 30
A 22 16 16
A 22 17 -2
A 22 18 4
A 22 19 15
A 22 20 25
A 22 21 26
A 22 22 28
A 22 23 -1
A 22 24 22
A 22 25 27
A 22 26 16
A 22 27 25
A 22 28 0
A 22 29 4
A 22 30 1
A 22 31 2
A 22 32 -1
A 22 33 11
A 22 34 2
A 22 35 4
A 22 36 -2
A 22 37 9
A 22 38 -2
A 22 39 19
A 22 40 29
A 22 41 4
A 22 42 18
A 22 43 26
A 22 44 30
A 22 45 16
A 22 46 -1
A 22 47 2
A 22 48 5
A 22 49 8
A 22 50 27
A 22 51 16
A 22 52 5
A 22 53 13
A 22 54 19
A 22 55 0
A 22 56 14
A 22 57 20
A 22 58 3
A 22 59 14
A 22 60 14
A 22 61 18
A 22 62 26
A 22 63 2
A 22 64 10
A 22 65 24
A 22 66 17
A 22 67 2
A 22 68 19
A 22 69 1
A 22 70 7
A 22 71 11
A 22 72 14
A 22 73 11
A 22 74 20
A 22 75 20
A 22 76 12
A 22 77 17
A 22 78 13
A 22 79 26
A 22 80 3
A 22 81 26
A 22 82 29
A 22 83 25
A 22 84 8
A 22 85 7
A 22 86 1
A 22 87 21
A 22 88 3
A 22 89 5
A 22 90 17
A 22 91 28
A 22 92 3
A 22 93 18
A 22 94 13
A 22 95 22
A 22 96 16
A 22 97 17
A 22 98 25
A 22 99 19
A 22 100 30
A 22 101 17
A 22 102 4
A 22 103 3
A 22 104 22
A 22 105 14
A 22 106 20
A 22 107 0
A 22 108 1
A 22 109 20
A 22 110 27
A 22 111 12
A 22 112 20
A 22 113 5
A 22 114 21
A 22 115 26
A 22 116 16
A 22 117 21
A 22 118 11
A 22 119 28
A 22 120 -2
A 23 1 -1
A 23 2 1
A 23 3 23
A 23 4 26
A 23 5 4
A 23 6 17
A 23 7 0
A 23 8 9
A 23 9 2
A 23 10 23
A 23 11 22
A 23 12 11
A 23 13 17
A 23 14 7
A 23 15 23
A 23 16 22
A 23 17 10
A 23 18 17
A 23 19 7
A 23 20 -2
A 23 21 16
A 23 22 29
A 23 23 15
A 23 24 8
A 23 25 28
A 23 26 10
A 23 27 2
A 23 28 11
A 23 29 6
A 23 30 26
A 23 31 23
A 23 32 16
A 23 33 24
A 23 34 9
A 23 35 24
A 23 36 1
A 23 37 27
A 23 38 23
A 23 39 10
A 23 40 3
A 23 41 30
A 23 42 10
A 23 43 7
A 23 44 8
A 23 45 12
A 23 46 13
A 23 47 -1
A 23 48 11
A 23 49 5
A 23 50 14
A 23 51 11
A 23 52 -2
A 23 53 29
A 23 54 16
A 23 55 22
A 23 56 0
A 23 57 21
A 23 58 30
A 23 59 30
A 23 60 25
A 23 61 29
A 23 62 16
A 23 63 26
A 23 64 20
A 23 65 22
A 23 66 23
A 23 67 4
A 23 68 22
A 23 69 18
A 23 70 21
A 23 71 17
A 23 72 1
A 23 73 13
A 23 74 28
A 23 75 16
A 23 76 26
A 23 77 24
A 23 78 26
A 23 79 5
A 23 80 11
A 23 81 28
A 23 82 3
A 23 83 22
A 23 84 29
A 23 85 3
A 23 86 4
A 23 87 -1
A 23 88 22
A 23 89 21
A 23 90 25
A 23 91 8
A 23 92 17
A 23 93 22
A 23 94 0
A 23 95 2
A 23 96 -2
A 23 97 27
A 23 98 9
A 23 99 29
A 23 100 -2
A 23 101 3
A 23 102 10
A 23 103 24
A 23 104 10
A 23 105 6
A 23 106 10
A 23 107 30
A 23 108 26
A 23 109 12
A 23 110 13
A 23 111 14
A 23 112 27
A 23 113 28
A 23 114 6
A 23 115 12
A 23 116 22
A 23 117 24
A 23 118 12
A 23 119 30
A 23 120 2
A 24 1 16
A 24 2 6
A 24 3 16
A 24 4 6
A 24 5 16
A 24 6 19
A 24 7 2
A 24 8 30
A 24 9 11
A 24 10 13
A 24 11 29
A 24 12 26
A 24 13 12
A 24 14 1
A 24 15 0
A 24 16 16
A 24 17 3
A 24 18 15
A 24 19 24
A 24 20 29
A 24 21 20
A 24 22 9
A 24 23 23
A 24 24 15
A 24 25 7
A 24 26 19
A 24 27 18
A 24 28 6
A 24 29 8
A 24 30 13
A 24 31 20
A 24 32 0
A 24 33 12
A 24 34 -2
A 24 35 15
A 24 36 24
A 24 37 16
A 24 38 12
A 24 39 17
A 24 40 23
A 24 41 18
A 24 42 2
A 24 43 9
A 24 44 21
A 24 45 23
A 24 46 -2
A 24 47 7
A 24 48 16
A 24 49 22
A 24 50 24
A 24 51 10
A 24 52 14
A 24 53 14
A 24 54 20
A 24 55 11
A 24 56 27
A 24 57 17
A 24 58 10
A 24 59 5
A 24 60 29
A 24 61 3
A 24 62 19
A 24 63 15
A 24 64 19
A 24 65 28
A 24 66 9
A 24 67 14
A 24 68 11
A 24 69 12
A 24 70 25
A 24 71 7
A 24 72 1
A 24 73 17
A 24 74 15
A 24 75 21
A 24 76 19
A 24 77 11
A 24 78 14
A 24 79 -1
A 24 80 30
A 24 81 7
A 24 82 30
A 24 83 30
A 24 84 -1
A 24 85 1
A 24 86 10
A 24 87 22
A 24 88 8
A 24 89 6
A 24 90 2
A 24 91 8
A 24 92 14
A 24 93 12
A 24 94 9
A 24 95 10
A 24 96 3
A 24 97 22
A 24 98 9
A 24 99 5
A 24 100 17
A 24 101 28
A 24 102 4
A 24 103 5
A 24 104 25
A 24 105 -2
A 24 106 12
A 24 107 27
A 24 108 -2
A 24 109 6
A 24 110 16
A 24 111 25
A 24 112 26
A 24 113 22
A 24 114 -1
A 24 115 2
A 24 116 19
A 24 117 25
A 24 118 13
A 24 119 18
A 24 120 15
A 25 1 7
A 25 2 29
A 25 3 30
A 25 4 23
A 25 5 19
A 25 6 4
A 25 7 11
A 25 8 4
A 25 9 9
A 25 10 19
A 25 11 4
A 25 12 9
A 25 13 26
A 25 14 28
A 25 15 6
A 25 16 25
A 25 17 22
A 25 18 26
A 25 19 17
A 25 20 21
A 25 21 12
A 25 22 0
A 25 23 19
A 25 24 29
A 25 25 22
A 25 26 14
A 25 27 16
A 25 28 1
A 25 29 16
A 25 30 18
A 25 31 10
A 25 32 27
A 25 33 16
A 25 34 -2
A 25 35 21
A 25 36 19
A 25 37 18
A 25 38 15
A 25 39 3
A 25 40 12
A 25 41 9
A 25 42 3
A 25 43 8
A 25 44 24
A 25 45 14
A 25 46 8
A 25 47 7
A 25 48 13
A 25 49 20
A 25 50 -2
A 25 51 1
A 25 52 5
A 25 53 28
A 25 54 18
A 25 55 15
A 25 56 6
A 25 57 28
A 25 58 2
A 25 59 10
A 25 60 13
A 25 61 12
A 25 62 8
A 25 63 2
A 25 64 25
A 25 65 26
A 25 66 2
A 25 67 16
A 25 68 5
A 25 69 15
A 25 70 17
A 25 71 27
A 25 72 -1
A 25 73 17
A 25 74 2
A 25 75 13
A 25 76 26
A 25 77 28
A 25 78 -1
A 25 79 -1
A 25 80 10
A 25 81 20
A 25 82 16
A 25 83 24
A 25 84 -2
A 25 85 17
A 25 86 23
A 25 87 19
A 25 88 18
A 25 89 6
A 25 90 28
A 25 91 -2
A 25 92 17
A 25 93 3
A 25 94 -2
A 25 95 -2
A 25 96 13
A 25 97 5
A 25 98 22
A 25 99 20
A 25 100 6
A 25 101 -1
A 25 102 14
A 25 103 9
A 25 104 18
A 25 105 13
A 25 106 26
A 25 107 23
A 25 108 6
A 25 109 -1
A 25 110 -2
A 25 111 -1
A 25 112 28
A 25 113 -1
A 25 114 28
A 25 115 12
A 25 116 0
A 25 117 23
A 25 118 14
A 25 119 5
A 25 120 7
A 26 1 13
A 26 2 15
A 26 3 23
A 26 4 8
A 26 5 16
A 26 6 29
A 26 7 10
A 26 8 6
A 26 9 4
A 26 10 8
A 26 11 16
A 26 12 24
A 26 13 12
A 26 14 -1
A 26 15 0
A 26 16 3
A 26 17 19
A 26 18 10
A 26 19 1
A 26 20 -1
A 26 21 22
A 26 22 30
A 26 23 3
A 26 24 23
A 26 25 27
A 26 26 4
A 26 27 6
A 26 28 9
A 26 29 3
A 26 30 16
A 26 31 12
A 26 32 19
A 26 33 12
A 26 34 1
A 26 35 25
A 26 36 -1
A 26 37 -1
A 26 38 5
A 26 39 10
A 26 40 0
A 26 41 10
A 26 42 27
A 26 43 11
A 26 44 23
A 26 45 19
A 26 46 6
A 26 47 2
A 26 48 30
A 26 49 -1
A 26 50 20
A 26 51 13
A 26 52 5
A 26 53 2
A 26 54 5
A 26 55 13
A 26 56 17
A 26 57 0
A 26 58 30
A 26 59 10
A 26 60 28
A 26 61 6
A 26 62 2
A 26 63 11
A 26 64 22
A 26 65 13
A 26 66 8
A 26 67 11
A 26 68 2
A 26 69 5
A 26 70 2
A 26 71 5
A 26 72 23
A 26 73 -2
A 26 74 18
A 26 75 10
A 26 76 28
A 26 77 7
A 26 78 12
A 26 79 21
A 26 80 2
A 26 81 -2
A 26 82 11
A 26 83 18
A 26 84 8
A 26 85 29
A 26 86 30
A 26 87 4
A 26 88 29
A 26 89 10
A 26 90 -1
A 26 91 29
A 26 92 10
A 26 93 5
A 26 94 1
A 26 95 -1
A 26 96 22
A 26 97 -2
A 26 98 9
A 26 99 26
A 26 100 19
A 26 101 7
A 26 102 1
A 26 103 17
A 26 104 9
A 26 105 23
A 26 106 28
A 26 107 20
A 26 108 30
A 26 109 18
A 26 110 22
A 26 111 7
A 26 112 -1
A 26 113 20
A 26 114 25
A 26 115 22
A 26 116 23
A 26 117 -2
A 26 118 1
A 26 119 16
A 26 120 24
A 27 1 28
A 27 2 12
A 27 3 18
A 27 4 5
A 27 5 28
A 27 6 7
A 27 7 30
A 27 8 0
A 27 9 -1
A 27 10 14
A 27 11 13
A 27 12 4
A 27 13 8
A 27 14 19
A 27 15 28
A 27 16 18
A 27 17 12
A 27 18 18
A 27 19 -1
A 27 20 -2
A 27 21 14
A 27 22 20
A 27 23 2
A 27 24 9
A 27 25 12
A 27 26 26
A 27 27 24
A 27 28 9
A 27 29 4
A 27 30 10
A 27 31 19
A 27 32 21
A 27 33 16
A 27 34 5
A 27 35 21
A 27 36 26
A 27 37 4
A 27 38 2
A 27 39 9
A 27 40 18
A 27 41 13
A 27 42 12
A 27 43 19
A 27 44 29
A 27 45 12
A 27 46 25
A 27 47 3
A 27 48 4
A 27 49 26
A 27 50 30
A 27 51 23
A 27 52 1
A 27 53 17
A 27 54 21
A 27 55 27
A 27 56 19
A 27 57 5
A 27 58 18
A 27 59 11
A 27 60 18
A 27 61 13
A 27 62 4
A 27 63 3
A 27 64 19
A 27 65 28
A 27 66 26
A 27 67 -1
A 27 68 5
A 27 69 -1
A 27 70 11
A 27 71 18
A 27 72 19
A 27 73 3
A 27 74 15
A 27 75 23
A 27 76 4
A 27 77 24
A 27 78 17
A 27 79 26
A 27 80 26
A 27 81 24
A 27 82 8
A 27 83 -1
A 27 84 1
A 27 85 10
A 27 86 2
A 27 87 28
A 27 88 28
A 27 89 9
A 27 90 6
A 27 91 13
A 27 92 26
A 27 93 30
A 27 94 14
A 27 95 12
A 27 96 29
A 27 97 19
A 27 98 26
A 27 99 27
A 27 100 7
A 27 101 2
A 27 102 30
A 27 103 2
A 27 104 -2
A 27 105 21
A 27 106 15
A 27 107 1
A 27 108 11
A 27 109 2
A 27 110 2
A 27 111 10
A 27 112 15
A 27 113 7
A 27 114 0
A 27 115 17
A 27 116 9
A 27 117 1
A 27 118 1
A 27 119 3
A 27 120 27
A 28 1 19
A 28 2 20
A 28 3 8
A 28 4 7
A 28 5 10
A 28 6 19
A 28 7 9
A 28 8 0
A 28 9 12
A 28 10 26
A 28 11 4
A 28 12 24
A 28 13 5
A 28 14 27
A 28 15 25
A 28 16 29
A 28 17 14
A 28 18 4
A 28 19 8
A 28 20 2
A 28 21 1
A 28 22 25
A 28 23 12
A 28 24 15
A 28 25 10
A 28 26 -1
A 28 27 8
A 28 28 18
A 28 29 23
A 28 30 15
A 28 31 2
A 28 32 4
A 28 33 22
A 28 34 14
A 28 35 6
A 28 36 27
A 28 37 3
A 28 38 23
A 28 39 15
A 28 40 23
A 28 41 2
A 28 42 14
A 28 43 18
A 28 44 13
A 28 45 1
A 28 46 17
A 28 47 14
A 28 48 20
A 28 49 13
A 28 50 9
A 28 51 9
A 28 52 7
A 28 53 -1
A 28 54 28
A 28 55 10
A 28 56 2
A 28 57 14
A 28 58 10
A 28 59 0
A 28 60 13
A 28 61 27
A 28 62 14
A 28 63 0
A 28 64 20
A 28 65 -1
A 28 66 4
A 28 67 19
A 28 68 19
A 28 69 16
A 28 70 9
A 28 71 27
A 28 72 21
A 28 73 30
A 28 74 18
A 28 75 24
A 28 76 27
A 28 77 16
A 28 78 0
A 28 79 24
A 28 80 14
A 28 81 13
A 28 82 3
A 28 83 12
A 28 84 18
A 28 85 19
A 28 86 19
A 28 87 -2
A 28 88 7
A 28 89 21
A 28 90 13
A 28 91 29
A 28 92 6
A 28 93 26
A 28 94 15
A 28 95 12
A 28 96 -2
A 28 97 -1
A 28 98 5
A 28 99 14
A 28 100 7
A 28 101 27
A 28 102 22
A 28 103 1
A 28 104 26
A 28 105 23
A 28 106 26
A 28 107 28
A 28 108 0
A 28 109 30
A 28 110 23
A 28 111 30
A 28 112 2
A 28 113 15
A 28 114 30
A 28 115 20
A 28 116 0
A 28 117 -2
A 28 118 22
A 28 119 25
A 28 120 25
A 29 1 27
A 29 2 0
A 29 3 19
A 29 4 13
A 29 5 27
A 29 6 23
A 29 7 8
A 29 8 15
A 29 9 1
A 29 10 7
A 29 11 3
A 29 12 26
A 29 13 30
A 29 14 5
A 29 15 5
A 29 16 7
A 29 17 24
A 29 18 25
A 29 19 20
A 29 20 5
A 29 21 -1
A 29 22 20
A 29 23 24
A 29 24 12
A 29 25 7
A 29 26 21
A 29 27 13
A 29 28 3
A 29 29 17
A 29 30 -2
A 29 31 3
A 29 32 20
A 29 33 12
A 29 34 29
A 29 35 18
A 29 36 22
A 29 37 10
A 29 38 23
A 29 39 19
A 29 40 6
A 29 41 12
A 29 42 27
A 29 43 0
A 29 44 8
A 29 45 4
A 29 46 22
A 29 47 17
A 29 48 29
A 29 49 14
A 29 50 13
A 29 51 -1
A 29 52 24
A 29 53 -2
A 29 54 19
A 29 55 27
A 29 56 0
A 29 57 3
A 29 58 -1
A 29 59 18
A 29 60 13
A 29 61 4
A 29 62 26
A 29 63 25
A 29 64 28
A 29 65 1
A 29 66 23
A 29 67 4
A 29 68 18
A 29 69 18
A 29 70 7
A 29 71 21
A 29 72 12
A 29 73 4
A 29 74 26
A 29 75 6
A 29 76 6
A 29 77 12
A 29 78 3
A 29 79 18
A 29 80 8
A 29 81 19
A 29 82 2
A 29 83 1
A 29 84 26
A 29 85 30
A 29 86 9
A 29 87 10
A 29 88 12
A 29 89 16
A 29 90 7
A 29 91 15
A 29 92 21
A 29 93 16
A 29 94 0
A 29 95 0
A 29 96 16
A 29 97 7
A 29 98 28
A 29 99 -1
A 29 100 30
A 29 101 13
A 29 102 26
A 29 103 17
A 29 104 29
A 29 105 -2
A 29 106 20
A 29 107 29
A 29 108 8
A 29 109 -1
A 29 110 19
A 29 111 4
A 29 112 22
A 29 113 8
A 29 114 9
A 29 115 15
A 29 116 14
A 29 117 8
A 29 118 26
A 29 119 28
A 29 120 11
A 30 1 4
A 30 2 29
A 30 3 12
A 30 4 30
A 30 5 14
A 30 6 2
A 30 7 8
A 30 8 20
A 30 9 6
A 30 10 17
A 30 11 16
A 30 12 19
A 30 13 18
A 30 14 26
A 30 15 22
A 30 16 -1
A 30 17 22
A 30 18 30
A 30 19 11
A 30 20 20
A 30 21 12
A 30 22 14
A 30 23 1
A 30 24 22
A 30 25 19
A 30 26 11
A 30 27 -2
A 30 28 3
A 30 29 19
A 30 30 22
A 30 31 -2
A 30 32 17
A 30 33 18
A 30 34 -2
A 30 35 21
A 30 36 29
A 30 37 9
A 30 38 23
A 30 39 0
A 30 40 24
A 30 41 20
A 30 42 25
A 30 43 2
A 30 44 16
A 30 45 14
A 30 46 24
A 30 47 25
A 30 48 15
A 30 49 7
A 30 50 18
A 30 51 20
A 30 52 23
A 30 53 11
A 30 54 23
A 30 55 18
A 30 56 19
A 30 57 6
A 30 58 15
A 30 59 13
A 30 60 18
A 30 61 7
A 30 62 27
A 30 63 21
A 30 64 -1
A 30 65 2
A 30 66 22
A 30 67 2
A 30 68 14
A 30 69 23
A 30 70 5
A 30 71 7
A 30 72 19
A 30 73 27
A 30 74 30
A 30 75 0
A 30 76 2
A 30 77 26
A 30 78 20
A 30 79 20
A 30 80 6
A 30 81 24
A 30 82 12
A 30 83 29
A 30 84 2
A 30 85 29
A 30 86 21
A 30 87 30
A 30 88 7
A 30 89 29
A 30 90 1
A 30 91 3
A 30 92 2
A 30 93 7
A 30 94 18
A 30 95 7
A 30 96 10
A 30 97 7
A 30 98 30
A 30 99 26
A 30 100 25
A 30 101 5
A 30 102 14
A 30 103 2
A 30 104 21
A 30 105 16
A 30 106 16
A 30 107 27
A 30 108 26
A 30 109 24
A 30 110 19
A 30 111 18
A 30 112 27
A 30 113 26
A 30 114 -2
A 30 115 30
A 30 116 6
A 30 117 12
A 30 118 9
A 30 119 2
A 30 120 9
A 31 1 0
A 31 2 -2
A 31 3 4
A 31 4 -1
A 31 5 2
A 31 6 21
A 31 7 27
A 31 8 2
A 31 9 11
A 31 10 15
A 31 11 28
A 31 12 5
A 31 13 19
A 31 14 3
A 31 15 25
A 31 16 15
A 31 17 12
A 31 18 3
A 31 19 -2
A 31 20 25
A 31 21 5
A 31 22 1
A 31 23 18
A 31 24 25
A 31 25 2
A 31 26 26
A 31 27 1
A 31 28 30
A 31 29 8
A 31 30 6
A 31 31 23
A 31 32 1
A 31 33 6
A 31 34 13
A 31 35 23
A 31 36 12
A 31 37 9
A 31 38 26
A 31 39 15
A 31 40 1
A 31 41 6
A 31 42 24
A 31 43 0
A 31 44 -2
A 31 45 21
A 31 46 13
A 31 47 0
A 31 48 8
A 31 49 28
A 31 50 30
A 31 51 30
A 31 52 22
A 31 53 28
A 31 54 9
A 31 55 22
A 31 56 -1
A 31 57 22
A 31 58 14
A 31 59 11
A 31 60 12
A 31 61 24
A 31 62 26
A 31 63 9
A 31 64 16
A 31 65 2
A 31 66 29
A 31 67 25
A 31 68 18
A 31 69 2
A 31 70 6
A 31 71 10
A 31 72 3
A 31 73 28
A 31 74 17
A 31 75 12
A 31 76 28
A 31 77 3
A 31 78 12
A 31 79 16
A 31 80 28
A 31 81 21
A 31 82 3
A 31 83 13
A 31 84 26
A 31 85 28
A 31 86 7
A 31 87 15
A 31 88 14
A 31 89 0
A 31 90 19
A 31 91 10
A 31 92 8
A 31 93 14
A 31 94 19
A 31 95 14
A 31 96 4
A 31 97 26
A 31 98 25
A 31 99 14
A 31 100 28
A 31 101 17
A 31 102 25
A 31 103 30
A 31 104 9
A 31 105 24
A 31 106 18
A 31 107 13
A 31 108 30
A 31 109 10
A 31 110 28
A 31 111 29
A 31 112 24
A 31 113 6
A 31 114 4
A 31 115 30
A 31 116 28
A 31 117 24
A 31 118 15
A 31 119 28
A 31 120 9
A 32 1 24
A 32 2 22
A 32 3 15
A 32 4 5
A 32 5 6
A 32 6 25
A 32 7 26
A 32 8 2
A 32 9 17
A 32 10 23
A 32 11 2
A 32 12 2
A 32 13 9
A 32 14 4
A 32 15 7
A 32 16 3
A 32 17 6
A 32 18 9
A 32 19 8
A 32 20 8
A 32 21 7
A 32 22 19
A 32 23 29
A 32 24 5
A 32 25 25
A 32 26 26
A 32 27 7
A 32 28 28
A 32 29 13
A 32 30 27
A 32 31 27
A 32 32 26
A 32 33 11
A 32 34 6
A 32 35 8
A 32 36 9
A 32 37 2
A 32 38 4
A 32 39 12
A 32 40 16
A 32 41 27
A 32 42 11
A 32 43 26
A 32 44 27
A 32 45 27
A 32 46 8
A 32 47 25
A 32 48 21
A 32 49 5
A 32 50 9
A 32 51 8
A 32 52 8
A 32 53 2
A 32 54 10
A 32 55 25
A 32 56 14
A 32 57 2
A 32 58 8
A 32 59 -2
A 32 60 9
A 32 61 10
A 32 62 10
A 32 63 5
A 32 64 15
A 32 65 1
A 32 66 22
A 32 67 9
A 32 68 18
A 32 69 0
A 32 70 22
A 32 71 19
A 32 72 12
A 32 73 15
A 32 74 0
A 32 75 1
A 32 76 28
A 32 77 29
A 32 78 22
A 32 79 12
A 32 80 2
A 32 81 9
A 32 82 22
A 32 83 26
A 32 84 15
A 32 85 5
A 32 86 5
A 32 87 12
A 32 88 3
A 32 89 17
A 32 90 11
A 32 91 24
A 32 92 30
A 32 93 4
A 32 94 6
A 32 95 15
A 32 96 7
A 32 97 23
A 32 98 0
A 32 99 4
A 32 100 29
A 32 101 25
A 32 102 29
A 32 103 23
A 32 104 1
A 32 105 18
A 32 106 20
A 32 107 5
A 32 108 2
A 32 109 5
A 32 110 1
A 32 111 12
A 32 112 14
A 32 113 -1
A 32 114 30
A 32 115 24
A 32 116 -1
A 32 117 14
A 32 118 5
A 32 119 18
A 32 120 18
A 33 1 3
A 33 2 24
A 33 3 9
A 33 4 1
A 33 5 13
A 33 6 6
A 33 7 6
A 33 8 26
A 33 9 16
A 33 10 11
A 33 11 7
A 33 12 14
A 33 13 28
A 33 14 4
A 33 15 26
A 33 16 22
A 33 17 10
A 33 18 10
A 33 19 28
A 33 20 8
A 33 21 4
A 33 22 13
A 33 23 9
A 33 24 2
A 33 25 -1
A 33 26 13
A 33 27 13
A 33 28 10
A 33 29 9
A 33 30 1
A 33 31 5
A 33 32 20
A 33 33 14
A 33 34 0
A 33 35 22
A 33 36 20
A 33 37 2
A 33 38 22
A 33 39 9
A 33 40 3
A 33 41 29
A 33 42 3
A 33 43 17
A 33 44 5
A 33 45 17
A 33 46 -1
A 33 47 18
A 33 48 10
A 33 49 22
A 33 50 0
A 33 51 23
A 33 52 1
A 33 53 0
A 33 54 12
A 33 55 22
A 33 56 28
A 33 57 29
A 33 58 2
A 33 59 27
A 33 60 23
A 33 61 8
A 33 62 14
A 33 63 7
A 33 64 21
A 33 65 26
A 33 66 8
A 33 67 18
A 33 68 -2
A 33 69 19
A 33 70 7
A 33 71 3
A 33 72 16
A 33 73 8
A 33 74 7
A 33 75 24
A 33 76 27
A 33 77 11
A 33 78 9
A 33 79 8
A 33 80 22
A 33 81 1
A 33 82 9
A 33 83 30
A 33 84 20
A 33 85 3
A 33 86 7
A 33 87 6
A 33 88 8
A 33 89 24
A 33 90 19
A 33 91 10
A 33 92 12
A 33 93 28
A 33 94 -1
A 33 95 24
A 33 96 9
A 33 97 19
A 33 98 25
A 33 99 6
A 33 100 7
A 33 101 16
A 33 102 18
A 33 103 26
A 33 104 19
A 33 105 24
A 33 106 22
A 33 107 29
A 33 108 2
A 33 109 18
A 33 110 29
A 33 111 7
A 33 112 16
A 33 113 15
A 33 114 9
A 33 115 1
A 33 116 1
A 33 117 26
A 33 118 30
A 33 119 4
A 33 120 29
A 34 1 22
A 34 2 26
A 34 3 18
A 34 4 25
A 34 5 16
A 34 6 13
A 34 7 13
A 34 8 28
A 34 9 -2
A 34 10 19
A 34 11 23
A 34 12 12
A 34 13 14
A 34 14 2
A 34 15 23
A 34 16 8
A 34 17 15
A 34 18 9
A 34 19 24
A 34 20 13
A 34 21 28
A 34 22 -1
A 34 23 17
A 34 24 8
A 34 25 1
A 34 26 12
A 34 27 16
A 34 28 9
A 34 29 25
A 34 30 14
A 34 31 14
A 34 32 6
A 34 33 26
A 34 34 23
A 34 35 29
A 34 36 11
A 34 37 20
A 34 38 21
A 34 39 10
A 34 40 21
A 34 41 21
A 34 42 29
A 34 43 3
A 34 44 -2
A 34 45 30
A 34 46 5
A 34 47 30
A 34 48 28
A 34 49 19
A 34 50 16
A 34 51 2
A 34 52 9
A 34 53 -1
A 34 54 17
A 34 55 23
A 34 56 0
A 34 57 25
A 34 58 9
A 34 59 13
A 34 60 24
A 34 61 27
A 34 62 3
A 34 63 27
A 34 64 14
A 34 65 12
A 34 66 -1
A 34 67 23
A 34 68 30
A 34 69 27
A 34 70 23
A 34 71 26
A 34 72 14
A 34 73 26
A 34 74 19
A 34 75 14
A 34 76 22
A 34 77 17
A 34 78 0
A 34 79 1
A 34 80 23
A 34 81 4
A 34 82 7
A 34 83 26
A 34 84 26
A 34 85 24
A 34 86 17
A 34 87 7
A 34 88 14
A 34 89 15
A 34 90 24
A 34 91 16
A 34 92 12
A 34 93 24
A 34 94 11
A 34 95 8
A 34 96 26
A 34 97 27
A 34 98 -2
A 34 99 14
A 34 100 30
A 34 101 9
A 34 102 11
A 34 103 2
A 34 104 22
A 34 105 22
A 34 106 19
A 34 107 19
A 34 108 13
A 34 109 30
A 34 110 10
A 34 111 23
A 34 112 3
A 34 113 5
A 34 114 9
A 34 115 3
A 34 116 26
A 34 117 30
A 34 118 4
A 34 119 17
A 34 120 21
A 35 1 4
A 35 2 30
A 35 3 -2
A 35 4 15
A 35 5 8
A 35 6 17
A 35 7 14
A 35 8 14
A 35 9 5
A 35 10 9
A 35 11 24
A 35 12 16
A 35 13 11
A 35 14 16
A 35 15 7
A 35 16 17
A 35 17 25
A 35 18 10
A 35 19 -1
A 35 20 27
A 35 21 10
A 35 22 21
A 35 23 14
A 35 24 10
A 35 25 11
A 35 26 18
A 35 27 16
A 35 28 14
A 35 29 -1
A 35 30 21
A 35 31 0
A 35 32 0
A 35 33 19
A 35 34 -2
A 35 35 12
A 35 36 29
A 35 37 8
A 35 38 28
A 35 39 20
A 35 40 19
A 35 41 27
A 35 42 26
A 35 43 10
A 35 44 21
A 35 45 15
A 35 46 14
A 35 47 22
A 35 48 0
A 35 49 3
A 35 50 24
A 35 51 22
A 35 52 15
A 35 53 29
A 35 54 -2
A 35 55 24
A 35 56 23
A 35 57 30
A 35 58 2
A 35 59 11
A 35 60 -2
A 35 61 23
A 35 62 10
A 35 63 28
A 35 64 28
A 35 65 4
A 35 66 21
A 35 67 28
A 35 68 6
A 35 69 10
A 35 70 23
A 35 71 1
A 35 72 23
A 35 73 12
A 35 74 2
A 35 75 8
A 35 76 4
A 35 77 6
A 35 78 -2
A 35 79 2
A 35 80 26
A 35 81 4
A 35 82 -2
A 35 83 14
A 35 84 9
A 35 85 11
A 35 86 5
A 35 87 30
A 35 88 9
A 35 89 0
A 35 90 6
A 35 91 18
A 35 92 2
A 35 93 2
A 35 94 5
A 35 95 10
A 35 96 28
A 35 97 14
A 35 98 11
A 35 99 28
A 35 100 24
A 35 101 27
A 35 102 24
A 35 103 2
A 35 104 2
A 35 105 8
A 35 106 30
A 35 107 -2
A 35 108 11
A 35 109 16
A 35 110 1
A 35 111 3
A 35 112 13
A 35 113 3
A 35 114 20
A 35 115 8
A 35 116 -2
A 35 117 11
A 35 118 24
A 35 119 27
A 35 120 27
A 36 1 1
A 36 2 20
A 36 3 22
A 36 4 21
A 36 5 9
A 36 6 5
A 36 7 21
A 36 8 9
A 36 9 23
A 36 10 3
A 36 11 -1
A 36 12 22
A 36 13 1
A 36 14 17
A 36 15 7
A 36 16 5
A 36 17 12
A 36 18 30
A 36 19 12
A 36 20 30
A 36 21 0
A 36 22 5
A 36 23 14
A 36 24 6
A 36 25 10
A 36 26 26
A 36 27 8
A 36 28 1
A 36 29 14
A 36 30 23
A 36 31 30
A 36 32 5
A 36 33 23
A 36 34 21
A 36 35 4
A 36 36 7
A 36 37 23
A 36 38 20
A 36 39 26
A 36 40 1
A 36 41 26
A 36 42 30
A 36 43 29
A 36 44 17
A 36 45 4
A 36 46 23
A 36 47 28
A 36 48 14
A 36 49 27
A 36 50 29
A 36 51 22
A 36 52 23
A 36 53 29
A 36 54 21
A 36 55 18
A 36 56 15
A 36 57 22
A 36 58 11
A 36 59 20
A 36 60 1
A 36 61 27
A 36 62 23
A 36 63 16
A 36 64 28
A 36 65 6
A 36 66 13
A 36 67 30
A 36 68 30
A 36 69 17
A 36 70 16
A 36 71 3
A 36 72 8
A 36 73 22
A 36 74 17
A 36 75 8
A 36 76 23
A 36 77 2
A 36 78 28
A 36 79 16
A 36 80 19
A 36 81 7
A 36 82 30
A 36 83 24
A 36 84 5
A 36 85 12
A 36 86 21
A 36 87 7
A 36 88 11
A 36 89 24
A 36 90 19
A 36 91 4
A 36 92 20
A 36 93 11
A 36 94 3
A 36 95 27
A 36 96 27
A 36 97 0
A 36 98 12
A 36 99 18
A 36 100 15
A 36 101 20
A 36 102 25
A 36 103 18
A 36 104 24
A 36 105 17
A 36 106 8
A 36 107 18
A 36 108 5
A 36 109 1
A 36 110 4
A 36 111 10
A 36 112 27
A 36 113 1
A 36 114 20
A 36 115 17
A 36 116 13
A 36 117 5
A 36 118 19
A 36 119 8
A 36 120 30
A 37 1 15
A 37 2 6
A 37 3 11
A 37 4 24
A 37 5 18
A 37 6 26
A 37 7 -2
A 37 8 28
A 37 9 17
A 37 10 2
A 37 11 12
A 37 12 21
A 37 13 -1
A 37 14 16
A 37 15 30
A 37 16 27
A 37 17 20
A 37 18 13
A 37 19 28
A 37 20 3
A 37 21 11
A 37 22 30
A 37 23 11
A 37 24 3
A 37 25 12
A 37 26 26
A 37 27 1
A 37 28 5
A 37 29 27
A 37 30 12
A 37 31 26
A 37 32 0
A 37 33 5
A 37 34 2
A 37 35 18
A 37 36 -1
A 37 37 0
A 37 38 6
A 37 39 7
A 37 40 25
A 37 41 5
A 37 42 -2
A 37 43 11
A 37 44 8
A 37 45 6
A 37 46 28
A 37 47 4
A 37 48 22
A 37 49 28
A 37 50 11
A 37 51 26
A 37 52 27
A 37 53 -2
A 37 54 9
A 37 55 11
A 37 56 9
A 37 57 17
A 37 58 9
A 37 59 17
A 37 60 8
A 37 61 6
A 37 62 8
A 37 63 19
A 37 64 3
A 37 65 7
A 37 66 7
A 37 67 22
A 37 68 -1
A 37 69 -1
A 37 70 26
A 37 71 26
A 37 72 16
A 37 73 8
A 37 74 -2
A 37 75 6
A 37 76 0
A 37 77 6
A 37 78 27
A 37 79 22
A 37 80 30
A 37 81 2
A 37 82 19
A 37 83 0
A 37 84 24
A 37 85 24
A 37 86 0
A 37 87 -1
A 37 88 1
A 37 89 27
A 37 90 -2
A 37 91 24
A 37 92 28
A 37 93 21
A 37 94 15
A 37 95 7
A 37 96 12
A 37 97 11
A 37 98 24
A 37 99 10
A 37 100 22
A 37 101 17
A 37 102 17
A 37 103 29
A 37 104 30
A 37 105 18
A 37 106 -1
A 37 107 21
A 37 108 -1
A 37 109 28
A 37 110 26
A 37 111 28
A 37 112 27
A 37 113 13
A 37 114 11
A 37 115 13
A 37 116 0
A 37 117 15
A 37 118 22
A 37 119 13
A 37 120 28
A 38 1 22
A 38 2 20
A 38 3 6
A 38 4 29
A 38 5 11
A 38 6 30
A 38 7 20
A 38 8 17
A 38 9 9
A 38 10 6
A 38 11 22
A 38 12 28
A 38 13 17
A 38 14 -1
A 38 15 -2
A 38 16 3
A 38 17 15
A 38 18 23
A 38 19 6
A 38 20 3
A 38 21 1
A 38 22 2
A 38 23 27
A 38 24 29
A 38 25 -1
A 38 26 22
A 38 27 8
A 38 28 4
A 38 29 30
A 38 30 21
A 38 31 4
A 38 32 9
A 38 33 8
A 38 34 0
A 38 35 19
A 38 36 -2
A 38 37 -2
A 38 38 26
A 38 39 26
A 38 40 5
A 38 41 26
A 38 42 26
A 38 43 27
A 38 44 19
A 38 45 26
A 38 46 15
A 38 47 0
A 38 48 15
A 38 49 24
A 38 50 12
A 38 51 23
A 38 52 20
A 38 53 22
A 38 54 14
A 38 55 0
A 38 56 7
A 38 57 21
A 38 58 11
A 38 59 17
A 38 60 29
A 38 61 28
A 38 62 21
A 38 63 11
A 38 64 6
A 38 65 2
A 38 66 28
A 38 67 3
A 38 68 18
A 38 69 29
A 38 70 15
A 38 71 5
A 38 72 27
A 38 73 1
A 38 74 23
A 38 75 21
A 38 76 9
A 38 77 12
A 38 78 28
A 38 79 18
A 38 80 18
A 38 81 28
A 38 82 8
A 38 83 10
A 38 84 24
A 38 85 12
A 38 86 1
A 38 87 15
A 38 88 23
A 38 89 18
A 38 90 12
A 38 91 29
A 38 92 12
A 38 93 11
A 38 94 8
A 38 95 19
A 38 96 2
A 38 97 8
A 38 98 21
A 38 99 2
A 38 100 -2
A 38 101 22
A 38 102 19
A 38 103 13
A 38 104 22
A 38 105 7
A 38 106 15
A 38 107 19
A 38 108 5
A 38 109 15
A 38 110 22
A 38 111 12
A 38 112 27
A 38 113 30
A 38 114 8
A 38 115 20
A 38 116 23
A 38 117 12
A 38 118 8
A 38 119 26
A 38 120 28
A 39 1 17
A 39 2 1
A 39 3 15
A 39 4 3
A 39 5 29
A 39 6 12
A 39 7 4
A 39 8 19
A 39 9 -2
A 39 10 9
A 39 11 -2
A 39 12 9
A 39 13 1
A 39 14 10
A 39 15 4
A 39 16 1
A 39 17 6
A 39 18 28
A 39 19 9
A 39 20 2
A 39 21 15
A 39 22 28
A 39 23 22
A 39 24 20
A 39 25 25
A 39 26 22
A 39 27 17
A 39 28 15
A 39 29 9
A 39 30 -1
A 39 31 1
A 39 32 8
A 39 33 30
A 39 34 25
A 39 35 15
A 39 36 25
A 39 37 2
A 39 38 30
A 39 39 16
A 39 40 27
A 39 41 22
A 39 42 19
A 39 43 17
A 39 44 20
A 39 45 25
A 39 46 24
A 39 47 16
A 39 48 21
A 39 49 10
A 39 50 12
A 39 51 -1
A 39 52 0
A 39 53 30
A 39 54 8
A 39 55 27
A 39 56 23
A 39 57 24
A 39 58 0
A 39 59 12
A 39 60 15
A 39 61 27
A 39 62 7
A 39 63 30
A 39 64 21
A 39 65 25
A 39 66 10
A 39 67 10
A 39 68 22
A 39 69 26
A 39 70 30
A 39 71 9
A 39 72 2
A 39 73 11
A 39 74 1
A 39 75 22
A 39 76 27
A 39 77 10
A 39 78 25
A 39 79 29
A 39 80 9
A 39 81 14
A 39 82 22
A 39 83 25
A 39 84 3
A 39 85 7
A 39 86 21
A 39 87 0
A 39 88 4
A 39 89 19
A 39 90 23
A 39 91 13
A 39 92 9
A 39 93 30
A 39 94 15
A 39 95 13
A 39 96 14
A 39 97 15
A 39 98 18
A 39 99 10
A 39 100 0
A 39 101 23
A 39 102 23
A 39 103 20
A 39 104 9
A 39 105 15
A 39 106 4
A 39 107 18
A 39 108 15
A 39 109 23
A 39 110 19
A 39 111 9
A 39 112 18
A 39 113 11
A 39 114 14
A 39 115 24
A 39 116 10
A 39 117 19
A 39 118 26
A 39 119 2
A 39 120 9
A 40 1 29
A 40 2 11
A 40 3 28
A 40 4 13
A 40 5 -2
A 40 6 2
A 40 7 29
A 40 8 13
A 40 9 28
A 40 10 22
A 40 11 15
A 40 12 4
A 40 13 17
A 40 14 5
A 40 15 7
A 40 16 3
A 40 17 10
A 40 18 30
A 40 19 30
A 40 20 26
A 40 21 27
A 40 22 2
A 40 23 15
A 40 24 14
A 40 25 12
A 40 26 12
A 40 27 27
A 40 28 7
A 40 29 1
A 40 30 8
A 40 31 27
A 40 32 9
A 40 33 19
A 40 34 21
A 40 35 9
A 40 36 10
A 40 37 9
A 40 38 27
A 40 39 13
A 40 40 15
A 40 41 29
A 40 42 18
A 40 43 14
A 40 44 8
A 40 45 7
A 40 46 2
A 40 47 11
A 40 48 26
A 40 49 6
A 40 50 2
A 40 51 3
A 40 52 5
A 40 53 16
A 40 54 19
A 40 55 0
A 40 56 21
A 40 57 13
A 40 58 7
A 40 59 2
A 40 60 20
A 40 61 28
A 40 62 -1
A 40 63 7
A 40 64 16
A 40 65 27
A 40 66 1
A 40 67 16
A 40 68 22
A 40 69 29
A 40 70 29
A 40 71 3
A 40 72 -1
A 40 73 11
A 40 74 22
A 40 75 26
A 40 76 28
A 40 77 27
A 40 78 13
A 40 79 -1
A 40 80 21
A 40 81 -2
A 40 82 24
A 40 83 23
A 40 84 9
A 40 85 14
A 40 86 23
A 40 87 13
A 40 88 10
A 40 89 21
A 40 90 11
A 40 91 9
A 40 92 15
A 40 93 4
A 40 94 24
A 40 95 18
A 40 96 12
A 40 97 26
A 40 98 8
A 40 99 28
A 40 100 21
A 40 101 21
A 40 102 12
A 40 103 13
A 40 104 20
A 40 105 -1
A 40 106 8
A 40 107 30
A 40 108 29
A 40 109 -2
A 40 110 5
A 40 111 22
A 40 112 20
A 40 113 3
A 40 114 24
A 40 115 0
A 40 116 22
A 40 117 15
A 40 118 15
A 40 119 7
A 40 120 0
