# Instancia generada (N=80, M=25, restrictiva=False)
N 80
M 25
BETA 1.19

# Recursos disponibles (b_i)
B 1 107
B 2 97
B 3 123
B 4 84
B 5 93
B 6 118
B 7 146
B 8 55
B 9 107
B 10 135
B 11 129
B 12 120
B 13 99
B 14 126
B 15 86
B 16 65
B 17 64
B 18 138
B 19 59
B 20 92
B 21 63
B 22 144
B 23 50
B 24 132
B 25 123

# Datos por diseño (Beneficio c_j, Potencia w_j, Cota u_j)
DISENO 1 53 3 38
DISENO 2 18 5 32
DISENO 3 16 5 45
DISENO 4 21 4 44
DISENO 5 18 3 21
DISENO 6 64 2 24
DISENO 7 100 4 30
DISENO 8 75 4 20
DISENO 9 70 2 23
DISENO 10 81 5 31
DISENO 11 34 3 20
DISENO 12 95 1 20
DISENO 13 33 4 46
DISENO 14 33 4 35
DISENO 15 27 5 39
DISENO 16 78 3 34
DISENO 17 87 2 40
DISENO 18 18 5 41
DISENO 19 27 2 25
DISENO 20 55 2 46
DISENO 21 41 2 37
DISENO 22 90 3 35
DISENO 23 98 1 48
DISENO 24 76 4 47
DISENO 25 36 2 40
DISENO 26 92 2 46
DISENO 27 62 3 44
DISENO 28 85 5 42
DISENO 29 88 3 40
DISENO 30 77 4 33
DISENO 31 80 2 39
DISENO 32 13 2 26
DISENO 33 58 4 29
DISENO 34 17 3 47
DISENO 35 33 3 41
DISENO 36 23 1 29
DISENO 37 29 1 20
DISENO 38 18 3 24
DISENO 39 92 1 29
DISENO 40 38 1 28
DISENO 41 26 1 43
DISENO 42 71 3 23
DISENO 43 75 5 38
DISENO 44 25 2 37
DISENO 45 47 3 39
DISENO 46 30 3 20
DISENO 47 38 4 34
DISENO 48 49 4 27
DISENO 49 66 3 22
DISENO 50 83 3 50
DISENO 51 51 1 25
DISENO 52 47 2 27
DISENO 53 91 2 34
DISENO 54 86 5 22
DISENO 55 10 3 42
DISENO 56 42 3 40
DISENO 57 75 4 46
DISENO 58 61 5 22
DISENO 59 95 3 40
DISENO 60 52 4 21
DISENO 61 80 1 48
DISENO 62 37 1 31
DISENO 63 14 3 43
DISENO 64 16 2 35
DISENO 65 82 3 35
DISENO 66 99 5 50
DISENO 67 24 1 22
DISENO 68 64 4 42
DISENO 69 19 4 20
DISENO 70 78 4 33
DISENO 71 83 5 48
DISENO 72 46 5 37
DISENO 73 64 1 21
DISENO 74 22 1 40
DISENO 75 37 3 24
DISENO 76 64 1 46
DISENO 77 71 1 47
DISENO 78 34 2 31
DISENO 79 35 3 47
DISENO 80 51 3 29

# Requerimiento de recursos (a_ij por recurso i y diseño j)
A 1 1 15
A 1 2 18
A 1 3 1
A 1 4 2
A 1 5 15
A 1 6 -1
A 1 7 20
A 1 8 7
A 1 9 9
A 1 10 15
A 1 11 26
A 1 12 20
A 1 13 2
A 1 14 -1
A 1 15 15
A 1 16 3
A 1 17 29
A 1 18 21
A 1 19 12
A 1 20 23
A 1 21 23
A 1 22 25
A 1 23 5
A 1 24 23
A 1 25 8
A 1 26 15
A 1 27 12
A 1 28 10
A 1 29 26
A 1 30 18
A 1 31 -1
A 1 32 -2
A 1 33 18
A 1 34 19
A 1 35 28
A 1 36 21
A 1 37 11
A 1 38 14
A 1 39 7
A 1 40 6
A 1 41 14
A 1 42 0
A 1 43 3
A 1 44 3
A 1 45 19
A 1 46 23
A 1 47 30
A 1 48 25
A 1 49 23
A 1 50 12
A 1 51 11
A 1 52 17
A 1 53 22
A 1 54 25
A 1 55 5
A 1 56 0
A 1 57 9
A 1 58 26
A 1 59 11
A 1 60 23
A 1 61 -1
A 1 62 5
A 1 63 13
A 1 64 1
A 1 65 0
A 1 66 5
A 1 67 24
A 1 68 18
A 1 69 0
A 1 70 21
A 1 71 13
A 1 72 30
A 1 73 16
A 1 74 18
A 1 75 30
A 1 76 22
A 1 77 21
A 1 78 5
A 1 79 -1
A 1 80 25
A 2 1 4
A 2 2 17
A 2 3 21
A 2 4 19
A 2 5 -1
A 2 6 -2
A 2 7 18
A 2 8 29
A 2 9 17
A 2 10 5
A 2 11 16
A 2 12 -2
A 2 13 2
A 2 14 22
A 2 15 13
A 2 16 13
A 2 17 5
A 2 18 19
A 2 19 11
A 2 20 2
A 2 21 9
A 2 22 10
A 2 23 17
A 2 24 10
A 2 25 12
A 2 26 2
A 2 27 7
A 2 28 29
A 2 29 0
A 2 30 21
A 2 31 24
A 2 32 20
A 2 33 12
A 2 34 -1
A 2 35 24
A 2 36 4
A 2 37 12
A 2 38 -2
A 2 39 19
A 2 40 7
A 2 41 29
A 2 42 6
A 2 43 28
A 2 44 15
A 2 45 9
A 2 46 5
A 2 47 -1
A 2 48 27
A 2 49 8
A 2 50 2
A 2 51 30
A 2 52 5
A 2 53 17
A 2 54 -1
A 2 55 6
A 2 56 8
A 2 57 21
A 2 58 20
A 2 59 11
A 2 60 12
A 2 61 6
A 2 62 23
A 2 63 6
A 2 64 0
A 2 65 4
A 2 66 11
A 2 67 28
A 2 68 13
A 2 69 25
A 2 70 12
A 2 71 22
A 2 72 17
A 2 73 4
A 2 74 10
A 2 75 6
A 2 76 10
A 2 77 29
A 2 78 29
A 2 79 30
A 2 80 16
A 3 1 11
A 3 2 10
A 3 3 16
A 3 4 4
A 3 5 6
A 3 6 13
A 3 7 8
A 3 8 7
A 3 9 29
A 3 10 9
A 3 11 13
A 3 12 10
A 3 13 20
A 3 14 16
A 3 15 22
A 3 16 13
A 3 17 10
A 3 18 0
A 3 19 26
A 3 20 23
A 3 21 14
A 3 22 -2
A 3 23 1
A 3 24 7
A 3 25 2
A 3 26 16
A 3 27 6
A 3 28 26
A 3 29 17
A 3 30 8
A 3 31 13
A 3 32 3
A 3 33 3
A 3 34 11
A 3 35 24
A 3 36 22
A 3 37 26
A 3 38 23
A 3 39 6
A 3 40 8
A 3 41 27
A 3 42 7
A 3 43 6
A 3 44 13
A 3 45 24
A 3 46 7
A 3 47 11
A 3 48 5
A 3 49 15
A 3 50 7
A 3 51 13
A 3 52 22
A 3 53 23
A 3 54 14
A 3 55 10
A 3 56 19
A 3 57 21
A 3 58 0
A 3 59 5
A 3 60 9
A 3 61 3
A 3 62 19
A 3 63 28
A 3 64 8
A 3 65 25
A 3 66 -1
A 3 67 24
A 3 68 10
A 3 69 8
A 3 70 20
A 3 71 14
A 3 72 18
A 3 73 3
A 3 74 22
A 3 75 9
A 3 76 9
A 3 77 6
A 3 78 24
A 3 79 13
A 3 80 25
A 4 1 17
A 4 2 4
A 4 3 30
A 4 4 22
A 4 5 2
A 4 6 8
A 4 7 9
A 4 8 12
A 4 9 22
A 4 10 19
A 4 11 1
A 4 12 21
A 4 13 16
A 4 14 24
A 4 15 26
A 4 16 17
A 4 17 23
A 4 18 2
A 4 19 14
A 4 20 28
A 4 21 27
A 4 22 14
A 4 23 29
A 4 24 2
A 4 25 15
A 4 26 11
A 4 27 30
A 4 28 13
A 4 29 21
A 4 30 27
A 4 31 15
A 4 32 24
A 4 33 21
A 4 34 0
A 4 35 3
A 4 36 28
A 4 37 20
A 4 38 -2
A 4 39 2
A 4 40 22
A 4 41 8
A 4 42 21
A 4 43 13
A 4 44 8
A 4 45 4
A 4 46 8
A 4 47 10
A 4 48 2
A 4 49 -1
A 4 50 9
A 4 51 24
A 4 52 8
A 4 53 14
A 4 54 7
A 4 55 12
A 4 56 7
A 4 57 -1
A 4 58 17
A 4 59 25
A 4 60 -2
A 4 61 22
A 4 62 3
A 4 63 25
A 4 64 24
A 4 65 14
A 4 66 17
A 4 67 3
A 4 68 1
A 4 69 14
A 4 70 3
A 4 71 10
A 4 72 11
A 4 73 2
A 4 74 16
A 4 75 25
A 4 76 26
A 4 77 22
A 4 78 0
A 4 79 29
A 4 80 20
A 5 1 30
A 5 2 9
A 5 3 25
A 5 4 10
A 5 5 3
A 5 6 28
A 5 7 2
A 5 8 13
A 5 9 9
A 5 10 3
A 5 11 20
A 5 12 13
A 5 13 13
A 5 14 27
A 5 15 21
A 5 16 20
A 5 17 5
A 5 18 26
A 5 19 9
A 5 20 1
A 5 21 15
A 5 22 13
A 5 23 18
A 5 24 -2
A 5 25 15
A 5 26 17
A 5 27 21
A 5 28 1
A 5 29 22
A 5 30 5
A 5 31 10
A 5 32 25
A 5 33 6
A 5 34 23
A 5 35 13
A 5 36 4
A 5 37 18
A 5 38 -2
A 5 39 14
A 5 40 9
A 5 41 0
A 5 42 18
A 5 43 28
A 5 44 18
A 5 45 30
A 5 46 -2
A 5 47 16
A 5 48 20
A 5 49 -1
A 5 50 24
A 5 51 -1
A 5 52 3
A 5 53 9
A 5 54 -2
A 5 55 26
A 5 56 2
A 5 57 6
A 5 58 27
A 5 59 11
A 5 60 27
A 5 61 -2
A 5 62 -1
A 5 63 9
A 5 64 6
A 5 65 10
A 5 66 13
A 5 67 18
A 5 68 23
A 5 69 24
A 5 70 21
A 5 71 6
A 5 72 -1
A 5 73 5
A 5 74 24
A 5 75 -2
A 5 76 10
A 5 77 16
A 5 78 26
A 5 79 20
A 5 80 5
A 6 1 6
A 6 2 5
A 6 3 7
A 6 4 6
A 6 5 9
A 6 6 23
A 6 7 18
A 6 8 2
A 6 9 17
A 6 10 25
A 6 11 12
A 6 12 25
A 6 13 8
A 6 14 1
A 6 15 9
A 6 16 17
A 6 17 6
A 6 18 8
A 6 19 30
A 6 20 27
A 6 21 7
A 6 22 5
A 6 23 17
A 6 24 24
A 6 25 10
A 6 26 24
A 6 27 16
A 6 28 30
A 6 29 19
A 6 30 30
A 6 31 27
A 6 32 13
A 6 33 19
A 6 34 8
A 6 35 21
A 6 36 13
A 6 37 2
A 6 38 20
A 6 39 18
A 6 40 20
A 6 41 4
A 6 42 7
A 6 43 29
A 6 44 4
A 6 45 20
A 6 46 6
A 6 47 29
A 6 48 7
A 6 49 1
A 6 50 14
A 6 51 8
A 6 52 14
A 6 53 23
A 6 54 15
A 6 55 1
A 6 56 14
A 6 57 19
A 6 58 25
A 6 59 8
A 6 60 30
A 6 61 30
A 6 62 12
A 6 63 0
A 6 64 16
A 6 65 7
A 6 66 8
A 6 67 3
A 6 68 22
A 6 69 1
A 6 70 28
A 6 71 19
A 6 72 27
A 6 73 18
A 6 74 29
A 6 75 27
A 6 76 28
A 6 77 -2
A 6 78 19
A 6 79 24
A 6 80 20
A 7 1 24
A 7 2 0
A 7 3 16
A 7 4 4
A 7 5 29
A 7 6 30
A 7 7 20
A 7 8 17
A 7 9 0
A 7 10 6
A 7 11 17
A 7 12 18
A 7 13 10
A 7 14 19
A 7 15 30
A 7 16 5
A 7 17 23
A 7 18 24
A 7 19 24
A 7 20 23
A 7 21 9
A 7 22 10
A 7 23 2
A 7 24 7
A 7 25 14
A 7 26 8
A 7 27 20
A 7 28 17
A 7 29 6
A 7 30 -1
A 7 31 4
A 7 32 0
A 7 33 7
A 7 34 19
A 7 35 11
A 7 36 5
A 7 37 24
A 7 38 30
A 7 39 6
A 7 40 13
A 7 41 3
A 7 42 -2
A 7 43 7
A 7 44 -2
A 7 45 28
A 7 46 17
A 7 47 1
A 7 48 12
A 7 49 23
A 7 50 7
A 7 51 28
A 7 52 8
A 7 53 1
A 7 54 10
A 7 55 23
A 7 56 12
A 7 57 5
A 7 58 3
A 7 59 13
A 7 60 0
A 7 61 2
A 7 62 30
A 7 63 21
A 7 64 26
A 7 65 13
A 7 66 28
A 7 67 17
A 7 68 5
A 7 69 30
A 7 70 6
A 7 71 2
A 7 72 1
A 7 73 13
A 7 74 15
A 7 75 6
A 7 76 9
A 7 77 23
A 7 78 29
A 7 79 25
A 7 80 11
A 8 1 0
A 8 2 -2
A 8 3 29
A 8 4 16
A 8 5 17
A 8 6 23
A 8 7 21
A 8 8 29
A 8 9 23
A 8 10 2
A 8 11 22
A 8 12 10
A 8 13 7
A 8 14 24
A 8 15 2
A 8 16 28
A 8 17 20
A 8 18 18
A 8 19 10
A 8 20 0
A 8 21 19
A 8 22 18
A 8 23 -1
A 8 24 20
A 8 25 30
A 8 26 10
A 8 27 26
A 8 28 1
A 8 29 29
A 8 30 30
A 8 31 7
A 8 32 11
A 8 33 28
A 8 34 25
A 8 35 15
A 8 36 4
A 8 37 11
A 8 38 -1
A 8 39 20
A 8 40 19
A 8 41 17
A 8 42 -1
A 8 43 -2
A 8 44 18
A 8 45 29
A 8 46 23
A 8 47 30
A 8 48 0
A 8 49 18
A 8 50 13
A 8 51 7
A 8 52 10
A 8 53 13
A 8 54 3
A 8 55 3
A 8 56 29
A 8 57 -2
A 8 58 26
A 8 59 5
A 8 60 14
A 8 61 25
A 8 62 2
A 8 63 26
A 8 64 0
A 8 65 1
A 8 66 7
A 8 67 27
A 8 68 27
A 8 69 4
A 8 70 10
A 8 71 15
A 8 72 17
A 8 73 29
A 8 74 23
A 8 75 1
A 8 76 19
A 8 77 24
A 8 78 6
A 8 79 28
A 8 80 27
A 9 1 20
A 9 2 28
A 9 3 23
A 9 4 27
A 9 5 10
A 9 6 2
A 9 7 6
A 9 8 18
A 9 9 26
A 9 10 6
A 9 11 19
A 9 12 6
A 9 13 7
A 9 14 2
A 9 15 13
A 9 16 13
A 9 17 15
A 9 18 26
A 9 19 14
A 9 20 14
A 9 21 13
A 9 22 30
A 9 23 18
A 9 24 7
A 9 25 15
A 9 26 8
A 9 27 23
A 9 28 30
A 9 29 10
A 9 30 4
A 9 31 28
A 9 32 10
A 9 33 20
A 9 34 3
A 9 35 3
A 9 36 24
A 9 37 19
A 9 38 26
A 9 39 28
A 9 40 4
A 9 41 25
A 9 42 10
A 9 43 18
A 9 44 24
A 9 45 10
A 9 46 30
A 9 47 2
A 9 48 -1
A 9 49 0
A 9 50 19
A 9 51 1
A 9 52 28
A 9 53 4
A 9 54 7
A 9 55 26
A 9 56 6
A 9 57 24
A 9 58 3
A 9 59 23
A 9 60 15
A 9 61 24
A 9 62 13
A 9 63 7
A 9 64 20
A 9 65 12
A 9 66 22
A 9 67 18
A 9 68 -1
A 9 69 19
A 9 70 4
A 9 71 6
A 9 72 25
A 9 73 20
A 9 74 2
A 9 75 19
A 9 76 22
A 9 77 -1
A 9 78 13
A 9 79 -1
A 9 80 -1
A 10 1 7
A 10 2 14
A 10 3 -2
A 10 4 25
A 10 5 16
A 10 6 26
A 10 7 9
A 10 8 30
A 10 9 7
A 10 10 12
A 10 11 7
A 10 12 2
A 10 13 22
A 10 14 5
A 10 15 25
A 10 16 24
A 10 17 24
A 10 18 26
A 10 19 2
A 10 20 16
A 10 21 3
A 10 22 14
A 10 23 9
A 10 24 26
A 10 25 26
A 10 26 1
A 10 27 16
A 10 28 24
A 10 29 16
A 10 30 25
A 10 31 28
A 10 32 15
A 10 33 9
A 10 34 5
A 10 35 24
A 10 36 29
A 10 37 13
A 10 38 11
A 10 39 22
A 10 40 6
A 10 41 2
A 10 42 21
A 10 43 27
A 10 44 3
A 10 45 9
A 10 46 6
A 10 47 25
A 10 48 15
A 10 49 16
A 10 50 -1
A 10 51 24
A 10 52 -2
A 10 53 2
A 10 54 0
A 10 55 3
A 10 56 6
A 10 57 21
A 10 58 5
A 10 59 23
A 10 60 13
A 10 61 1
A 10 62 3
A 10 63 6
A 10 64 2
A 10 65 3
A 10 66 11
A 10 67 28
A 10 68 14
A 10 69 27
A 10 70 14
A 10 71 7
A 10 72 13
A 10 73 19
A 10 74 26
A 10 75 9
A 10 76 4
A 10 77 21
A 10 78 24
A 10 79 19
A 10 80 12
A 11 1 2
A 11 2 15
A 11 3 15
A 11 4 22
A 11 5 29
A 11 6 28
A 11 7 25
A 11 8 2
A 11 9 9
A 11 10 20
A 11 11 26
A 11 12 21
A 11 13 17
A 11 14 23
A 11 15 2
A 11 16 14
A 11 17 2
A 11 18 18
A 11 19 12
A 11 20 18
A 11 21 25
A 11 22 3
A 11 23 24
A 11 24 18
A 11 25 27
A 11 26 6
A 11 27 16
A 11 28 20
A 11 29 16
A 11 30 20
A 11 31 28
A 11 32 13
A 11 33 6
A 11 34 26
A 11 35 26
A 11 36 9
A 11 37 1
A 11 38 17
A 11 39 -2
A 11 40 10
A 11 41 22
A 11 42 11
A 11 43 11
A 11 44 24
A 11 45 4
A 11 46 30
A 11 47 12
A 11 48 8
A 11 49 16
A 11 50 30
A 11 51 -1
A 11 52 26
A 11 53 14
A 11 54 16
A 11 55 10
A 11 56 27
A 11 57 11
A 11 58 8
A 11 59 -1
A 11 60 7
A 11 61 14
A 11 62 30
A 11 63 21
A 11 64 20
A 11 65 20
A 11 66 1
A 11 67 18
A 11 68 16
A 11 69 27
A 11 70 8
A 11 71 7
A 11 72 10
A 11 73 17
A 11 74 20
A 11 75 17
A 11 76 22
A 11 77 26
A 11 78 27
A 11 79 6
A 11 80 28
A 12 1 15
A 12 2 -2
A 12 3 29
A 12 4 0
A 12 5 1
A 12 6 20
A 12 7 26
A 12 8 15
A 12 9 7
A 12 10 17
A 12 11 21
A 12 12 -1
A 12 13 -1
A 12 14 12
A 12 15 4
A 12 16 6
A 12 17 14
A 12 18 17
A 12 19 3
A 12 20 5
A 12 21 9
A 12 22 29
A 12 23 21
A 12 24 10
A 12 25 25
A 12 26 28
A 12 27 13
A 12 28 17
A 12 29 8
A 12 30 7
A 12 31 18
A 12 32 7
A 12 33 26
A 12 34 16
A 12 35 16
A 12 36 -2
A 12 37 18
A 12 38 9
A 12 39 14
A 12 40 12
A 12 41 25
A 12 42 13
A 12 43 7
A 12 44 3
A 12 45 10
A 12 46 27
A 12 47 2
A 12 48 22
A 12 49 30
A 12 50 4
A 12 51 1
A 12 52 29
A 12 53 23
A 12 54 6
A 12 55 22
A 12 56 12
A 12 57 7
A 12 58 5
A 12 59 7
A 12 60 16
A 12 61 28
A 12 62 2
A 12 63 21
A 12 64 23
A 12 65 2
A 12 66 0
A 12 67 21
A 12 68 5
A 12 69 27
A 12 70 8
A 12 71 0
A 12 72 26
A 12 73 5
A 12 74 12
A 12 75 27
A 12 76 0
A 12 77 23
A 12 78 10
A 12 79 25
A 12 80 27
A 13 1 29
A 13 2 8
A 13 3 20
A 13 4 -2
A 13 5 18
A 13 6 -2
A 13 7 21
A 13 8 4
A 13 9 7
A 13 10 11
A 13 11 15
A 13 12 16
A 13 13 19
A 13 14 20
A 13 15 10
A 13 16 17
A 13 17 12
A 13 18 3
A 13 19 13
A 13 20 19
A 13 21 3
A 13 22 4
A 13 23 7
A 13 24 29
A 13 25 2
A 13 26 26
A 13 27 9
A 13 28 20
A 13 29 14
A 13 30 25
A 13 31 15
A 13 32 6
A 13 33 19
A 13 34 8
A 13 35 21
A 13 36 9
A 13 37 0
A 13 38 18
A 13 39 21
A 13 40 3
A 13 41 22
A 13 42 10
A 13 43 9
A 13 44 12
A 13 45 11
A 13 46 8
A 13 47 3
A 13 48 10
A 13 49 19
A 13 50 20
A 13 51 6
A 13 52 15
A 13 53 14
A 13 54 7
A 13 55 3
A 13 56 24
A 13 57 10
A 13 58 11
A 13 59 1
A 13 60 28
A 13 61 7
A 13 62 17
A 13 63 22
A 13 64 3
A 13 65 28
A 13 66 5
A 13 67 7
A 13 68 5
A 13 69 16
A 13 70 30
A 13 71 9
A 13 72 22
A 13 73 30
A 13 74 6
A 13 75 24
A 13 76 13
A 13 77 23
A 13 78 4
A 13 79 2
A 13 80 8
A 14 1 4
A 14 2 5
A 14 3 28
A 14 4 10
A 14 5 11
A 14 6 15
A 14 7 16
A 14 8 17
A 14 9 -2
A 14 10 3
A 14 11 25
A 14 12 -1
A 14 13 16
A 14 14 3
A 14 15 29
A 14 16 -2
A 14 17 28
A 14 18 0
A 14 19 2
A 14 20 22
A 14 21 -1
A 14 22 24
A 14 23 3
A 14 24 10
A 14 25 4
A 14 26 3
A 14 27 29
A 14 28 9
A 14 29 2
A 14 30 6
A 14 31 23
A 14 32 -2
A 14 33 13
A 14 34 25
A 14 35 20
A 14 36 0
A 14 37 7
A 14 38 17
A 14 39 12
A 14 40 2
A 14 41 1
A 14 42 5
A 14 43 28
A 14 44 -2
A 14 45 29
A 14 46 21
A 14 47 7
A 14 48 21
A 14 49 13
A 14 50 18
A 14 51 7
A 14 52 25
A 14 53 18
A 14 54 26
A 14 55 24
A 14 56 14
A 14 57 26
A 14 58 23
A 14 59 -2
A 14 60 19
A 14 61 6
A 14 62 16
A 14 63 24
A 14 64 27
A 14 65 1
A 14 66 22
A 14 67 6
A 14 68 20
A 14 69 -1
A 14 70 11
A 14 71 -1
A 14 72 13
A 14 73 16
A 14 74 21
A 14 75 28
A 14 76 19
A 14 77 11
A 14 78 8
A 14 79 28
A 14 80 19
A 15 1 26
A 15 2 29
A 15 3 8
A 15 4 20
A 15 5 27
A 15 6 10
A 15 7 5
A 15 8 10
A 15 9 -2
A 15 10 5
A 15 11 13
A 15 12 27
A 15 13 8
A 15 14 29
A 15 15 26
A 15 16 23
A 15 17 4
A 15 18 30
A 15 19 10
A 15 20 5
A 15 21 11
A 15 22 19
A 15 23 4
A 15 24 10
A 15 25 -1
A 15 26 9
A 15 27 2
A 15 28 29
A 15 29 23
A 15 30 28
A 15 31 9
A 15 32 30
A 15 33 18
A 15 34 1
A 15 35 29
A 15 36 15
A 15 37 23
A 15 38 12
A 15 39 7
A 15 40 28
A 15 41 25
A 15 42 6
A 15 43 8
A 15 44 2
A 15 45 8
A 15 46 6
A 15 47 5
A 15 48 2
A 15 49 20
A 15 50 11
A 15 51 18
A 15 52 15
A 15 53 25
A 15 54 18
A 15 55 27
A 15 56 13
A 15 57 18
A 15 58 16
A 15 59 9
A 15 60 27
A 15 61 24
A 15 62 -1
A 15 63 2
A 15 64 28
A 15 65 9
A 15 66 5
A 15 67 27
A 15 68 21
A 15 69 9
A 15 70 8
A 15 71 8
A 15 72 6
A 15 73 14
A 15 74 -2
A 15 75 27
A 15 76 3
A 15 77 16
A 15 78 11
A 15 79 10
A 15 80 4
A 16 1 8
A 16 2 22
A 16 3 6
A 16 4 7
A 16 5 13
A 16 6 24
A 16 7 29
A 16 8 3
A 16 9 25
A 16 10 1
A 16 11 21
A 16 12 11
A 16 13 22
A 16 14 8
A 16 15 23
A 16 16 19
A 16 17 7
A 16 18 5
A 16 19 21
A 16 20 22
A 16 21 6
A 16 22 25
A 16 23 23
A 16 24 9
A 16 25 19
A 16 26 4
A 16 27 10
A 16 28 14
A 16 29 13
A 16 30 13
A 16 31 30
A 16 32 23
A 16 33 4
A 16 34 8
A 16 35 22
A 16 36 17
A 16 37 14
A 16 38 28
A 16 39 5
A 16 40 23
A 16 41 17
A 16 42 6
A 16 43 16
A 16 44 21
A 16 45 13
A 16 46 7
A 16 47 0
A 16 48 8
A 16 49 26
A 16 50 13
A 16 51 -2
A 16 52 28
A 16 53 -2
A 16 54 4
A 16 55 21
A 16 56 23
A 16 57 26
A 16 58 -1
A 16 59 19
A 16 60 3
A 16 61 20
A 16 62 10
A 16 63 0
A 16 64 16
A 16 65 6
A 16 66 10
A 16 67 24
A 16 68 16
A 16 69 5
A 16 70 6
A 16 71 29
A 16 72 30
A 16 73 18
A 16 74 18
A 16 75 -1
A 16 76 27
A 16 77 30
A 16 78 10
A 16 79 25
A 16 80 2
A 17 1 -2
A 17 2 5
A 17 3 18
A 17 4 8
A 17 5 22
A 17 6 29
A 17 7 1
A 17 8 22
A 17 9 29
A 17 10 30
A 17 11 27
A 17 12 12
A 17 13 12
A 17 14 20
A 17 15 10
A 17 16 21
A 17 17 19
A 17 18 23
A 17 19 0
A 17 20 26
A 17 21 9
A 17 22 -1
A 17 23 3
A 17 24 14
A 17 25 7
A 17 26 9
A 17 27 19
A 17 28 1
A 17 29 0
A 17 30 0
A 17 31 4
A 17 32 21
A 17 33 0
A 17 34 8
A 17 35 27
A 17 36 23
A 17 37 3
A 17 38 20
A 17 39 9
A 17 40 23
A 17 41 -2
A 17 42 0
A 17 43 12
A 17 44 -1
A 17 45 14
A 17 46 11
A 17 47 17
A 17 48 17
A 17 49 12
A 17 50 18
A 17 51 26
A 17 52 19
A 17 53 10
A 17 54 8
A 17 55 2
A 17 56 15
A 17 57 11
A 17 58 27
A 17 59 17
A 17 60 18
A 17 61 9
A 17 62 12
A 17 63 16
A 17 64 15
A 17 65 8
A 17 66 1
A 17 67 10
A 17 68 18
A 17 69 22
A 17 70 18
A 17 71 23
A 17 72 22
A 17 73 10
A 17 74 27
A 17 75 7
A 17 76 13
A 17 77 16
A 17 78 5
A 17 79 3
A 17 80 28
A 18 1 26
A 18 2 29
A 18 3 3
A 18 4 25
A 18 5 11
A 18 6 26
A 18 7 28
A 18 8 -2
A 18 9 3
A 18 10 0
A 18 11 -2
A 18 12 7
A 18 13 16
A 18 14 24
A 18 15 20
A 18 16 27
A 18 17 23
A 18 18 30
A 18 19 3
A 18 20 22
A 18 21 19
A 18 22 1
A 18 23 7
A 18 24 3
A 18 25 3
A 18 26 2
A 18 27 24
A 18 28 5
A 18 29 20
A 18 30 3
A 18 31 21
A 18 32 10
A 18 33 26
A 18 34 26
A 18 35 18
A 18 36 28
A 18 37 13
A 18 38 5
A 18 39 28
A 18 40 4
A 18 41 12
A 18 42 4
A 18 43 26
A 18 44 29
A 18 45 8
A 18 46 16
A 18 47 13
A 18 48 17
A 18 49 5
A 18 50 15
A 18 51 1
A 18 52 17
A 18 53 6
A 18 54 20
A 18 55 21
A 18 56 29
A 18 57 15
A 18 58 -1
A 18 59 1
A 18 60 0
A 18 61 11
A 18 62 -1
A 18 63 2
A 18 64 28
A 18 65 7
A 18 66 28
A 18 67 19
A 18 68 23
A 18 69 13
A 18 70 0
A 18 71 15
A 18 72 21
A 18 73 -1
A 18 74 0
A 18 75 29
A 18 76 27
A 18 77 0
A 18 78 18
A 18 79 26
A 18 80 27
A 19 1 14
A 19 2 23
A 19 3 16
A 19 4 29
A 19 5 0
A 19 6 24
A 19 7 6
A 19 8 -1
A 19 9 9
A 19 10 24
A 19 11 7
A 19 12 19
A 19 13 -2
A 19 14 25
A 19 15 27
A 19 16 22
A 19 17 23
A 19 18 5
A 19 19 25
A 19 20 2
A 19 21 17
A 19 22 25
A 19 23 21
A 19 24 6
A 19 25 11
A 19 26 -1
A 19 27 9
A 19 28 19
A 19 29 18
A 19 30 12
A 19 31 4
A 19 32 10
A 19 33 18
A 19 34 24
A 19 35 3
A 19 36 11
A 19 37 9
A 19 38 5
A 19 39 27
A 19 40 6
A 19 41 14
A 19 42 19
A 19 43 26
A 19 44 6
A 19 45 14
A 19 46 10
A 19 47 -2
A 19 48 7
A 19 49 4
A 19 50 18
A 19 51 10
A 19 52 24
A 19 53 7
A 19 54 27
A 19 55 11
A 19 56 20
A 19 57 0
A 19 58 16
A 19 59 25
A 19 60 13
A 19 61 27
A 19 62 19
A 19 63 6
A 19 64 28
A 19 65 12
A 19 66 14
A 19 67 21
A 19 68 26
A 19 69 13
A 19 70 1
A 19 71 17
A 19 72 7
A 19 73 -2
A 19 74 17
A 19 75 5
A 19 76 11
A 19 77 22
A 19 78 29
A 19 79 7
A 19 80 15
A 20 1 11
A 20 2 25
A 20 3 15
A 20 4 21
A 20 5 15
A 20 6 27
A 20 7 18
A 20 8 27
A 20 9 9
A 20 10 21
A 20 11 8
A 20 12 5
A 20 13 -1
A 20 14 20
A 20 15 18
A 20 16 24
A 20 17 9
A 20 18 14
A 20 19 17
A 20 20 6
A 20 21 23
A 20 22 0
A 20 23 16
A 20 24 10
A 20 25 19
A 20 26 25
A 20 27 4
A 20 28 5
A 20 29 23
A 20 30 19
A 20 31 23
A 20 32 4
A 20 33 6
A 20 34 11
A 20 35 17
A 20 36 -2
A 20 37 22
A 20 38 4
A 20 39 -2
A 20 40 6
A 20 41 3
A 20 42 23
A 20 43 18
A 20 44 -1
A 20 45 28
A 20 46 26
A 20 47 2
A 20 48 4
A 20 49 9
A 20 50 23
A 20 51 23
A 20 52 20
A 20 53 12
A 20 54 16
A 20 55 21
A 20 56 7
A 20 57 4
A 20 58 12
A 20 59 20
A 20 60 26
A 20 61 24
A 20 62 5
A 20 63 -2
A 20 64 16
A 20 65 21
A 20 66 7
A 20 67 14
A 20 68 0
A 20 69 3
A 20 70 15
A 20 71 25
A 20 72 7
A 20 73 4
A 20 74 18
A 20 75 1
A 20 76 21
A 20 77 10
A 20 78 26
A 20 79 24
A 20 80 21
A 21 1 22
A 21 2 23
A 21 3 17
A 21 4 15
A 21 5 22
A 21 6 0
A 21 7 26
A 21 8 26
A 21 9 22
A 21 10 23
A 21 11 -1
A 21 12 10
A 21 13 0
A 21 14 3
A 21 15 28
A 21 16 22
A 21 17 11
A 21 18 28
A 21 19 3
A 21 20 13
A 21 21 -1
A 21 22 17
A 21 23 20
A 21 24 19
A 21 25 15
A 21 26 5
A 21 27 23
A 21 28 20
A 21 29 21
A 21 30 21
A 21 31 2
A 21 32 27
A 21 33 9
A 21 34 6
A 21 35 30
A 21 36 13
A 21 37 -1
A 21 38 24
A 21 39 1
A 21 40 8
A 21 41 18
A 21 42 3
A 21 43 16
A 21 44 27
A 21 45 21
A 21 46 13
A 21 47 -1
A 21 48 2
A 21 49 7
A 21 50 2
A 21 51 14
A 21 52 18
A 21 53 11
A 21 54 11
A 21 55 14
A 21 56 19
A 21 57 27
A 21 58 19
A 21 59 5
A 21 60 22
A 21 61 23
A 21 62 25
A 21 63 6
A 21 64 14
A 21 65 7
A 21 66 14
A 21 67 6
A 21 68 24
A 21 69 13
A 21 70 12
A 21 71 7
A 21 72 20
A 21 73 28
A 21 74 -2
A 21 75 19
A 21 76 0
A 21 77 21
A 21 78 9
A 21 79 8
A 21 80 20
A 22 1 3
A 22 2 26
A 22 3 25
A 22 4 1
A 22 5 14
A 22 6 30
A 22 7 28
A 22 8 24
A 22 9 27
A 22 10 6
A 22 11 13
A 22 12 28
A 22 13 21
A 22 14 26
A 22 15 12
A 22 16 29
A 22 17 14
A 22 18 3
A 22 19 2
A 22 20 13
A 22 21 11
A 22 22 6
A 22 23 30
A 22 24 21
A 22 25 14
A 22 26 27
A 22 27 25
A 22 28 2
A 22 29 -1
A 22 30 0
A 22 31 27
A 22 32 21
A 22 33 13
A 22 34 -2
A 22 35 12
A 22 36 13
A 22 37 23
A 22 38 20
A 22 39 10
A 22 40 -2
A 22 41 1
A 22 42 9
A 22 43 24
A 22 44 25
A 22 45 10
A 22 46 6
A 22 47 12
A 22 48 20
A 22 49 10
A 22 50 22
A 22 51 20
A 22 52 2
A 22 53 0
A 22 54 24
A 22 55 18
A 22 56 22
A 22 57 20
A 22 58 8
A 22 59 20
A 22 60 22
A 22 61 17
A 22 62 8
A 22 63 5
A 22 64 7
A 22 65 11
A 22 66 13
A 22 67 20
A 22 68 23
A 22 69 8
A 22 70 23
A 22 71 26
A 22 72 19
A 22 73 5
A 22 74 1
A 22 75 2
A 22 76 25
A 22 77 13
A 22 78 17
A 22 79 12
A 22 80 23
A 23 1 22
A 23 2 19
A 23 3 8
A 23 4 24
A 23 5 28
A 23 6 8
A 23 7 20
A 23 8 24
A 23 9 4
A 23 10 -1
A 23 11 24
A 23 12 15
A 23 13 0
A 23 14 23
A 23 15 5
A 23 16 16
A 23 17 18
A 23 18 7
A 23 19 26
A 23 20 4
A 23 21 22
A 23 22 27
A 23 23 13
A 23 24 24
A 23 25 0
A 23 26 -2
A 23 27 20
A 23 28 1
A 23 29 22
A 23 30 21
A 23 31 -1
A 23 32 17
A 23 33 8
A 23 34 -2
A 23 35 27
A 23 36 22
A 23 37 29
A 23 38 13
A 23 39 23
A 23 40 28
A 23 41 26
A 23 42 30
A 23 43 22
A 23 44 1
A 23 45 7
A 23 46 28
A 23 47 27
A 23 48 19
A 23 49 22
A 23 50 8
A 23 51 27
A 23 52 0
A 23 53 29
A 23 54 1
A 23 55 11
A 23 56 15
A 23 57 10
A 23 58 1
A 23 59 6
A 23 60 21
A 23 61 -2
A 23 62 24
A 23 63 23
A 23 64 6
A 23 65 -2
A 23 66 -1
A 23 67 18
A 23 68 25
A 23 69 21
A 23 70 9
A 23 71 24
A 23 72 6
A 23 73 25
A 23 74 28
A 23 75 -1
A 23 76 16
A 23 77 11
A 23 78 4
A 23 79 19
A 23 80 16
A 24 1 9
A 24 2 20
A 24 3 26
A 24 4 28
A 24 5 22
A 24 6 15
A 24 7 21
A 24 8 0
A 24 9 19
A 24 10 6
A 24 11 21
A 24 12 22
A 24 13 9
A 24 14 2
A 24 15 11
A 24 16 4
A 24 17 18
A 24 18 12
A 24 19 6
A 24 20 25
A 24 21 7
A 24 22 11
A 24 23 23
A 24 24 30
A 24 25 30
A 24 26 11
A 24 27 -1
A 24 28 11
A 24 29 25
A 24 30 26
A 24 31 26
A 24 32 15
A 24 33 1
A 24 34 25
A 24 35 18
A 24 36 17
A 24 37 1
A 24 38 -2
A 24 39 14
A 24 40 29
A 24 41 2
A 24 42 30
A 24 43 0
A 24 44 25
A 24 45 20
A 24 46 19
A 24 47 5
A 24 48 11
A 24 49 16
A 24 50 16
A 24 51 20
A 24 52 8
A 24 53 19
A 24 54 26
A 24 55 8
A 24 56 5
A 24 57 -1
A 24 58 30
A 24 59 16
A 24 60 10
A 24 61 5
A 24 62 26
A 24 63 5
A 24 64 1
A 24 65 19
A 24 66 5
A 24 67 8
A 24 68 6
A 24 69 30
A 24 70 18
A 24 71 2
A 24 72 20
A 24 73 9
A 24 74 11
A 24 75 18
A 24 76 7
A 24 77 9
A 24 78 29
A 24 79 0
A 24 80 21
A 25 1 28
A 25 2 30
A 25 3 8
A 25 4 14
A 25 5 16
A 25 6 16
A 25 7 11
A 25 8 17
A 25 9 -1
A 25 10 2
A 25 11 26
A 25 12 14
A 25 13 25
A 25 14 0
A 25 15 13
A 25 16 1
A 25 17 11
A 25 18 23
A 25 19 3
A 25 20 20
A 25 21 25
A 25 22 28
A 25 23 -2
A 25 24 11
A 25 25 25
A 25 26 1
A 25 27 20
A 25 28 16
A 25 29 1
A 25 30 6
A 25 31 6
A 25 32 8
A 25 33 12
A 25 34 17
A 25 35 10
A 25 36 26
A 25 37 0
A 25 38 -2
A 25 39 -1
A 25 40 30
A 25 41 5
A 25 42 9
A 25 43 19
A 25 44 11
A 25 45 15
A 25 46 11
A 25 47 20
A 25 48 30
A 25 49 1
A 25 50 5
A 25 51 11
A 25 52 8
A 25 53 22
A 25 54 13
A 25 55 20
A 25 56 30
A 25 57 11
A 25 58 16
A 25 59 20
A 25 60 24
A 25 61 13
A 25 62 30
A 25 63 21
A 25 64 13
A 25 65 0
A 25 66 11
A 25 67 22
A 25 68 24
A 25 69 20
A 25 70 9
A 25 71 10
A 25 72 11
A 25 73 24
A 25 74 19
A 25 75 8
A 25 76 8
A 25 77 22
A 25 78 6
A 25 79 12
A 25 80 4
